File Path: C:\Users\MTS\Desktop\SE171\Test Run 9 2-3-2017 3 06 01 PM\DAQ- Crosshead, … - (Timed).txt   
Test: MTS EM Tension (Extensometer-Crosshead) 171-2017-W
Test Run: Test Run 9
Date: 2/3/2017 1:20:20 PM


Crosshead 	Load 	Time 	Extensometer 
in	lbf	sec	in
0.000274344744157563	6.82657348977267	0.230000004172325	-8.72827832057465E-05
0.000539310163072142	13.2511838485915	0.430000007152557	-4.63496090152311E-05
0.000801930768579413	19.6434103446887	0.629999995231628	-7.43913123577961E-06
0.0010692410009013	26.1521962780389	0.829999983310699	3.32437030834182E-05
0.00133655130483694	32.4601082719587	1.02999997138977	7.43579235630051E-05
0.00160386153715883	38.8071052435655	1.23000001907349	0.000112070327261568
0.00187117176948071	45.0567602446774	1.42999994754791	0.000149565696520717
0.00213379244660174	51.2728050464411	1.62999999523163	0.000188865365411703
0.00240110267892363	57.5610716421505	1.83000004291534	0.000226307060160696
0.00266606813364508	63.7767356792553	2.02999997138977	0.000265144345884057
0.00293337822273946	69.9769907537685	2.23000001907349	0.000300939300216232
0.0032030335191168	76.1055591630458	2.4300000667572	0.000343245663703053
0.00347034360821117	82.2490700124497	2.63000011444092	0.000377783868230392
0.00373296414210469	88.1578377345008	2.82999992370605	0.000416589321639189
0.00400027451765409	94.30261093881	3.02999997138977	0.000452603807940524
0.00426758489320346	100.334828737831	3.23000001907349	0.000489482493242929
0.00453255034792492	106.233868094363	3.4300000667572	0.000526349433889342
0.00479986043701929	112.1704282062	3.63000011444092	0.00056265080489739
0.0050671705261137	118.203551607652	3.82999992370605	0.000600809765123492
0.0053297913464622	124.123653081351	4.03000020980835	0.000635340056330787
0.00559710143555661	129.89025494284	4.23000001907349	0.000669993451584724
0.00586441209756102	135.77721960028	4.42999982833862	0.000706305707883693
0.00613172218665539	141.732255373853	4.63000011444092	0.00074286617746111
0.00639668735492181	147.497443946698	4.82999992370605	0.00078136737982735
0.00666634236484413	153.415693051786	5.03000020980835	0.000815199508526965
0.00693130810602063	159.182349798271	5.23000001907349	0.000854093369117602
0.00719627327428705	165.086040658203	5.42999982833862	0.000887093131130701
0.00746358393629146	170.692392052989	5.63000011444092	0.000921329734324457
0.00773089402538587	176.415387785256	5.82999992370605	0.000960018851186559
0.00799585919365228	182.123303864906	6.03000020980835	0.000993107342643398
0.00826316985565669	187.772218573992	6.23000001907349	0.00103304432920459
0.00852813502392315	193.252060053288	6.42999982833862	0.00106293147092494
0.00879310076509961	198.927786082858	6.63000011444092	0.00110195165818124
0.00906041085419398	204.456694748466	6.82999992370605	0.00113573530436802
0.00932772094328835	210.167711830383	7.03000020980835	0.00117141893511642
0.00959268668446484	215.554770224154	7.23000001907349	0.00120312241653134
0.00985999620064917	221.157993174175	7.42999982833862	0.00124198677225449
0.0101249625147357	226.649689812581	7.63000011444092	0.00127660471869918
0.01039227203092	232.010375965834	7.82999992370605	0.00131335560925393
0.0106595826929244	237.521735154011	8.02999973297119	0.00134634992862157
0.0109268933549289	242.905020204317	8.22999954223633	0.00138556691047948
0.0111942028711132	248.399612026253	8.43000030517578	0.00142012556073417
0.0114591691851997	253.726255760817	8.63000011444092	0.00145687086541594
0.0117217888597282	259.102982054113	8.82999992370605	0.00149228744846806
0.0119890995217326	264.241068385352	9.02999973297119	0.00152800738739077
0.012256410183737	269.611921984091	9.22999954223633	0.00156276684261741
0.0125237196999213	275.068999911349	9.43000030517578	0.00159578765907479
0.0127910303619257	280.270533297818	9.63000011444092	0.00163437830702233
0.0130559955301922	285.563066007446	9.82999992370605	0.00166996719277148
0.0133209606984586	290.569702773565	10.0299997329712	0.00170338947594525
0.0135859270125452	295.881856869216	10.2299995422363	0.00174131211077641
0.0138555820224675	300.994394234875	10.4300003051758	0.00177572194764603
0.0141205471907339	306.186953924518	10.6300001144409	0.0018092840208716
0.0143878578527383	311.381736456495	10.8299999237061	0.00184675004639421
0.0146575128626606	316.61268820075	11.0299997329712	0.00188164184384202
0.0149201325371891	321.677009097534	11.2299995422363	0.00191011232224029
0.0151850988512756	326.679803913942	11.4300003051758	0.00195120200381878
0.0154547538611979	331.766243464065	11.6300001144409	0.00198801978162167
0.0157197190294644	336.769943882904	11.8299999237061	0.00202430102916427
0.0159846841977308	341.89675134749	12.0299997329712	0.00205824738180478
0.0162519948597352	346.7971033191	12.2299995422363	0.00209348263882658
0.0165169600280017	351.731044908185	12.4300003051758	0.00212440760709954
0.0167819251962681	356.683345528389	12.6300001144409	0.00215651935853768
0.0170492358582725	361.613582380254	12.8299999237061	0.00219189569465889
0.0173165465202769	366.489922166169	13.0299997329712	0.00222840782495098
0.0175815116885433	371.466591724541	13.2299995422363	0.00226036302871841
0.0178511666984657	376.299627248712	13.4300003051758	0.00229561762145434
0.0181161318667321	381.061970898198	13.6300001144409	0.0023321270304237
0.0183810970349985	385.824671300156	13.8299999237061	0.00236554587613718
0.018648407697003	390.639649660683	14.0299997329712	0.00239691785747537
0.0189157183590074	395.390741886013	14.2299995422363	0.00242850553944678
0.0191806835272738	400.127564012416	14.4300003051758	0.00246809247796842
0.0194479930434582	404.747590867602	14.6300001144409	0.00249678753710565
0.0197129593575446	409.381284086757	14.8299999237061	0.00253207535862439
0.019977923379991	413.902023984405	15.0299997329712	0.00256232615499794
0.0202475783899133	418.535250681098	15.2299995422363	0.00259492932003006
0.0205125447039998	423.071550475075	15.4300003051758	0.00262949412906777
0.0207821997139222	427.48696606564	15.6300001144409	0.00265758419519393
0.0210471660280087	431.88558684747	15.8299999237061	0.00268902435282788
0.021312130050455	436.110002652393	16.0300006866455	0.00272055818125474
0.0215794407124594	440.335324059748	16.2299995422363	0.0027501564330832
0.0218467513744639	444.654718350034	16.4300003051758	0.00278068738247041
0.0221140620364683	448.867608305824	16.6299991607666	0.00281121288921215
0.0223813726984727	452.871002232365	16.8299999237061	0.002842545339757
0.0226463367209191	457.051702138075	17.0300006866455	0.00286988747181503
0.0229113030350056	460.987148439724	17.2299995422363	0.00289915372227047
0.02317861369701	464.860437483543	17.4300003051758	0.00292757664913473
0.0234459243590144	468.924506773023	17.6299991607666	0.00295668620869195
0.0237108883814607	472.895436224504	17.8299999237061	0.00298818537606088
0.0239781990434652	476.745728455053	18.0300006866455	0.00301406773331568
0.0242455097054696	480.578512371918	18.2299995422363	0.0030441985050341
0.0245104737279159	484.490220912851	18.4300003051758	0.00307058846059175
0.0247777843899204	488.114167420417	18.6299991607666	0.00309803887264891
0.0250450950519248	491.965502465887	18.8299999237061	0.00312686455527717
0.0253124057139292	495.7777045093	19.0300006866455	0.00315440090384158
0.0255773697363756	499.45681043772	19.2299995422363	0.0031808888270175
0.02584468039838	503.136081021126	19.4300003051758	0.00320888951917611
0.0261096467124665	506.714912062083	19.6299991607666	0.0032354149679602
0.026374613026553	510.43754179223	19.8299999237061	0.0032601990566523
0.0266442680364753	514.03415557185	20.0300006866455	0.00328504215507937
0.0269115764068396	517.642624510579	20.2299995422363	0.00331400991939961
0.0271765427209261	521.247690579563	20.4300003051758	0.00333668140228838
0.0274415090350126	524.786620228519	20.6299991607666	0.00336697058363517
0.0277064730574589	528.160455809888	20.8299999237061	0.00339152436248782
0.0279737837194634	531.588737307161	21.0300006866455	0.00341918073570737
0.0282410943814678	535.118885356779	21.2299995422363	0.0034471590843741
0.0285084050434722	538.535147039957	21.4300003051758	0.00346697461067178
0.0287757157054767	542.024680192626	21.6299991607666	0.0034996405093542
0.029040679727923	545.588637399703	21.8299999237061	0.00351935004729294
0.0293056460420095	548.977017504977	22.0300006866455	0.00354647132252732
0.0295729567040139	552.241083094596	22.2299995422363	0.00357496930060791
0.0298402650743782	555.844941693671	22.4300003051758	0.00359394178976943
0.0301075757363826	559.17102732863	22.6299991607666	0.00362372910191386
0.0303725420504691	562.517145987081	22.8299999237061	0.00365022304064528
0.0306375060729154	565.892957428299	23.0300006866455	0.00367299306406236
0.030902472387002	569.233587587163	23.2299995422363	0.00370100779251716
0.0311697830490064	572.641561635966	23.4300003051758	0.00372521811179582
0.0314370937110108	576.059799178995	23.6299991607666	0.00374840292208791
0.0317044043730152	579.374907814777	23.8299999237061	0.00377301914813584
0.0319717127433795	582.679478531353	24.0300006866455	0.00379806161925974
0.032236679057466	585.973291788735	24.2299995422363	0.00382067724341879
0.0325016453715525	589.273252165658	24.4300003051758	0.00384828291409906
0.0327689537419168	592.591873441175	24.6299991607666	0.00387147946904714
0.0330386087518391	595.961702417844	24.8299999237061	0.00389637957202403
0.0333035750659256	599.218193878035	25.0300006866455	0.0039193449577676
0.03357088572793	602.506299095846	25.2299995422363	0.00394622675660177
0.0338381963899344	605.768827905583	25.4300003051758	0.00397206127586752
0.0341008160644629	608.945187271795	25.6299991607666	0.00399435721621957
0.0343681267264673	612.194763222505	25.8299999237061	0.00402201817271953
0.0346354373884717	615.377983213202	26.0300006866455	0.0040427377510735
0.0349027480504761	618.622674399279	26.2299995422363	0.00406340404879303
0.0351677120729225	621.976696497136	26.4300003051758	0.0040876100712463
0.0354350227349269	625.132528874891	26.6299991607666	0.00411656236699528
0.0356999890490134	628.379525230794	26.8299999237061	0.00413875231898839
0.0359672974193777	631.60094517862	27.0300006866455	0.00416519784682071
0.0362369524293	634.844758204762	27.2299995422363	0.00418931821922177
0.0365019187433865	638.157012820761	27.4300003051758	0.00421606738937976
0.036766885057473	641.241878898852	27.6299991607666	0.00423806083322626
0.0370341957194775	644.39035668716	27.8299999237061	0.0042581673978285
0.0372991597419238	647.393499006397	28.0300006866455	0.00428132270325311
0.0375664704039282	650.457399016064	28.2299995422363	0.00430956401763205
0.0378337810659326	653.546601008828	28.4300003051758	0.00433081840751618
0.038103436075855	656.526142779839	28.6299991607666	0.00434958808652059
0.0383660557503834	659.492292611854	28.8299999237061	0.00437806343465429
0.0386310220644699	662.459869453764	29.0300006866455	0.00439759537047803
0.0388983327264744	665.34912540656	29.2299995422363	0.00441843898385748
0.0391632967489207	668.132563087312	29.4300003051758	0.00444058482177689
0.0394329540504831	671.070611801439	29.6299991607666	0.0044600525916752
0.0397002647124878	673.869856361003	29.8299999237061	0.00448356682524512
0.0399675707912118	676.754776399126	30.0300006866455	0.0045068286919387
0.0402325393969382	679.574053982183	30.2299995422363	0.00452501056523346
0.0404975034193846	682.309906371513	30.4300003051758	0.00455009371297083
0.040764814081389	685.081763318134	30.6299991607666	0.00456424602344047
0.0410321247433937	687.785617754868	30.8299999237061	0.00458706760876189
0.041299435405398	690.541942247658	31.0300006866455	0.00460885451853598
0.0415667460674024	693.16615855538	31.2299995422363	0.00462941769244677
0.0418317100898488	695.869025062189	31.4300003051758	0.00464667317019335
0.0420966741122949	698.568104504281	31.6299991607666	0.00466672015215059
0.0423639847742996	701.295833914222	31.8299999237061	0.00468615555263118
0.0426312954363039	703.975099872805	32.0299987792969	0.00470540217925083
0.0428986060983083	706.756067728741	32.2299995422363	0.00472824868615937
0.0431635701207547	709.442578506779	32.4300003051758	0.00474847699414689
0.0434332274223173	712.178485781104	32.6300010681152	0.00476908113112614
0.0436958493884858	715.01746707768	32.8300018310547	0.00479098376873
0.0439655021067681	717.787348164452	33.0299987792969	0.00480837101578772
0.0442328127687724	720.499435350568	33.2299995422363	0.00483283771231303
0.0444977767912185	723.544674461638	33.4300003051758	0.00485367330495181
0.0447650874532232	726.147485620967	33.6300010681152	0.00487323302691288
0.0450323981152276	729.074118255955	33.8300018310547	0.00489170250105197
0.045297362137674	731.662494661371	34.0299987792969	0.00491451291462744
0.0455623307434008	734.595658610867	34.2299995422363	0.00493633964164988
0.0458319834616827	737.55983258303	34.4300003051758	0.00495866651914457
0.0460969520674095	740.386354985544	34.6300010681152	0.00497827780301
0.0463619160898559	743.218969622599	34.8300018310547	0.00500245861742118
0.0466292267518602	746.047467884962	35.0299987792969	0.00502388889069016
0.0468965374138646	748.876734537269	35.2299995422363	0.00504584795993378
0.047161501436311	751.820710830951	35.4300003051758	0.00506778411277547
0.0474311587378736	754.746629960991	35.6300010681152	0.00509099327174465
0.0476984648165976	757.583306087741	35.8300018310547	0.00511437086626799
0.0479634334223244	760.320530601967	36.0299987792969	0.00513248112580673
0.0482283974447705	763.327350215925	36.2299995422363	0.00515438863314598
0.0484933614672169	766.110129276726	36.4300003051758	0.00517395236547744
0.0487606721292213	768.815959573312	36.6300010681152	0.00519985133712362
0.0490279827912256	771.772010566089	36.8300018310547	0.00521960069231075
0.0492952934532303	774.624987536611	37.0299987792969	0.00524235667943161
0.0495602574756764	777.392289028576	37.2299995422363	0.00526319055334028
0.0498252260814032	780.234398769918	37.4300003051758	0.00528339078873543
0.0500878434642913	782.946046876067	37.6300010681152	0.00530785462071047
0.0503575007658539	785.756872169758	37.8300018310547	0.00532443120004976
0.0506248114278583	788.520990331962	38.0299987792969	0.00535029980746339
0.050892122089863	791.433462638015	38.2299995422363	0.00536809553938559
0.0511594327518673	794.177547776724	38.4300003051758	0.00539106293031433
0.0514267434138716	797.006046039089	38.6300010681152	0.0054142726621935
0.0516917074363181	799.87965976806	38.8300018310547	0.00543113970692732
0.0519566714587642	802.544545857724	39.0299987792969	0.00545103171671646
0.0522263287603268	805.423428546302	39.2299995422363	0.00547544627842736
0.0524912927827732	808.202420542386	39.4300003051758	0.00549664223148658
0.0527562568052197	810.977021738804	39.6300010681152	0.00551857609268807
0.053023567467224	813.706233043632	39.8300018310547	0.00554248592064634
0.0532885360729508	816.469473045902	40.0299987792969	0.00555975686696425
0.0535558421516748	819.2589480762	40.2299995422363	0.00558044235717035
0.0538254994532374	822.123725320836	40.4300003051758	0.00560462546322173
0.0540904634756835	824.850411915854	40.6300010681152	0.00562142375874972
0.0543577741376878	827.712609565684	40.8300018310547	0.00566700677383748
0.0546250847996925	830.345497702755	41.0299987792969	0.00564451890861925
0.0548900488221386	833.251987544255	41.2299995422363	0.00571070434195614
0.0551573594841433	836.017971796319	41.4300003051758	0.00493136964698036
0.0554270167857055	838.691310175348	41.6300010681152	0.00205855976100865
0.055691980808152	841.356251150006	41.8300018310547	0.00772449920342606
0.0559569448305984	844.321577707084	42.0299987792969	0.0204024107679431
0.0562242554926028	847.04206229757	42.2299995422363	0.0878541976008126
0.0564892240983295	849.774072737186	42.4300003051758	0.038346966387572
0.0567565347603339	852.726611090227	42.6300010681152	0.101091783845753
0.0570238454223382	855.363396062003	42.8300018310547	0.110397612177363
0.0572911515010622	858.1927724843	43.0299987792969	0.123004429042339
0.057556120106789	860.925880623837	43.2299995422363	0.17660867980146
0.0578210841292354	863.688901086123	43.4300003051758	0.235905144803637
0.0580883947912398	866.566082339827	43.6300010681152	0.206524869207087
0.0583533588136862	869.399410481827	43.8300018310547	0.224639276614574
0.0586230161152488	872.339983905767	44.0299987792969	0.185909714021786
0.0588903267772532	875.126659801274	44.2299995422363	0.161054217821266
0.0591576374392575	877.823873153509	44.4300003051758	0.183502098501433
0.0594226014617039	880.787882470686	44.6300010681152	0.190087850755594
0.05968756548415	883.539925933798	44.8300018310547	0.190229932447587
0.0599548761461547	886.271387523456	45.0299987792969	0.187791260619332
0.0602198401686008	889.093354471311	45.2299995422363	0.202591002984779
0.0604871508306055	892.043203459552	45.4300003051758	0.198207058628478
0.0607544614926098	894.84985749356	45.6300010681152	0.190908936270344
0.0610194300983366	897.70420658898	45.8300018310547	0.196837922778186
0.0612867361770606	900.55883010938	46.0299987792969	0.197318635558284
0.061554046839065	903.190071696574	46.2299995422363	0.19380146285563
0.0618213575010693	906.103971012517	46.4300003051758	0.196212873332144
0.0620863261067961	909.044928631427	46.6300010681152	0.197081459964824
0.0623536367688004	911.826774647299	46.8300018310547	0.195947721395202
0.0626209428475244	914.658072044453	47.0299987792969	0.196546737808646
0.0628859114532512	917.469610843092	47.2299995422363	0.196770970218294
0.0631532221152559	920.338669117407	47.4300003051758	0.196918900176061
0.0634205327772602	923.070240477056	47.6300010681152	0.196738208930089
0.0636878388559843	925.867399406777	47.8300018310547	0.196171312145596
0.063952807461711	928.64403134804	48.0299987792969	0.197528091471965
0.0642201181237154	931.447117857314	48.2299995422363	0.197000885895622
0.0644850821461618	934.269962965104	48.4300003051758	0.196512509870717
0.0647523928081662	937.074366714279	48.6300010681152	0.197382251490054
0.065022045526448	939.962305427175	48.8300018310547	0.197033133856424
0.0652870141321748	942.743986788058	49.0299987792969	0.196962991333383
0.0655519781546213	945.411178047549	49.2299995422363	0.197199323603253
0.0658192888166256	948.168270930281	49.4300003051758	0.197099133093995
0.066084252839072	950.953904010868	49.6300010681152	0.197200368591181
0.0663515635010764	953.870712231593	49.8300018310547	0.196884653905011
0.066621220802639	956.664797601544	50.0299987792969	0.197367383328479
0.0668885314646433	959.440112302907	50.2299995422363	0.197277056038614
0.0671511488475315	962.164823038073	50.4300003051758	0.196969719588991
0.0674161174532583	964.949687728717	50.6300010681152	0.197357538442208
0.0676834281152626	967.709854171218	50.8300018310547	0.197103184713857
0.067948392137709	970.533357898958	51.0299987792969	0.197158129079135
0.0682157027997134	973.428321891326	51.2299995422363	0.19728459095157
0.0684830134617181	976.031846555602	51.4300003051758	0.197157670751097
0.0687479774841642	978.980927153902	51.6300010681152	0.197233038213779
0.0690129415066106	981.67369482147	51.8300018310547	0.197100434745625
0.069280252168615	984.466792261495	52.0299987792969	0.19730318073682
0.0695475628306193	987.401602760867	52.2299995422363	0.197237328164221
0.069814873492624	990.177905392155	52.4300003051758	0.197154939115986
0.0700821841546284	993.054757335884	52.6300010681152	0.197291649203366
0.0703494948166327	995.891323692642	52.8300018310547	0.197105898015846
0.0706144588390791	998.713400410489	53.0299987792969	0.197262334542012
0.0708817695010835	1001.59804602363	53.2299995422363	0.197280136003034
0.0711467335235299	1004.30629126004	53.4300003051758	0.197179047170821
0.0714163908250925	1007.07798355167	53.6300010681152	0.197247961374719
0.0716813548475386	1009.94265102632	53.8300018310547	0.197166452316318
0.071946318869985	1012.74859155538	54.0299987792969	0.197262536206349
0.0722136295319894	1015.52873613638	54.2299995422363	0.197219013375795
0.0724785981377161	1018.40679555001	54.4300003051758	0.197243433093696
0.0727459087997205	1021.26718199498	54.6300010681152	0.197222606667618
0.0730132194617248	1024.07872079362	54.8300018310547	0.197153490799384
0.0732805255404492	1026.99761464419	55.0299987792969	0.197296745811156
0.0735454941461756	1029.90037230597	55.2299995422363	0.197226529955629
0.0738128048081803	1032.63386464048	55.4300003051758	0.197229609920049
0.0740777688306264	1035.38492017366	55.6300010681152	0.19724051812737
0.0743427328530728	1038.30930252382	55.8300018310547	0.197168945620848
0.0746123901546354	1041.20657168601	56.0299987792969	0.197279274346322
0.0748797008166398	1044.05971331152	56.2299995422363	0.197242314773282
0.0751446648390862	1046.83711364273	56.4300003051758	0.197238446484635
0.0754096288615323	1049.68937710831	56.6300010681152	0.197218848377701
0.075676939523537	1052.54339689375	56.8300018310547	0.197200111927479
0.0759419081292634	1055.47678038323	57.0299987792969	0.197267156152979
0.0762115608475457	1058.30994387024	57.2299995422363	0.197232744883834
0.07647887150955	1061.07680628224	57.4300003051758	0.197242461438254
0.0767438355319965	1063.93664387725	57.6300010681152	0.197195235317148
0.0770087995544429	1066.61195811613	57.8300018310547	0.197237951490354
0.0772761147997276	1069.46839284139	58.0299987792969	0.197247484713558
0.0775410742388937	1072.33558502585	58.2299995422363	0.197233184878751
0.0778107361237366	1075.10420375772	58.4300003051758	0.197230581575491
0.0780780422024606	1078.0387947171	58.6300010681152	0.197193090341926
0.0783430108081874	1080.81992722803	58.8300018310547	0.197254506299111
0.0786079702473532	1083.66450679418	59.0299987792969	0.197242974765657
0.0788729388530799	1086.45727492423	59.2299995422363	0.197232744883834
0.0791402540983646	1089.26672809303	59.4300003051758	0.197231498231569
0.0794075601770886	1092.04204279439	59.6300010681152	0.19721279844759
0.0796748662558126	1094.96796192443	59.8300018310547	0.19724383642237
0.0799421815010976	1097.71287033808	60.0299987792969	0.197232213223309
0.0802071501068244	1100.5365936058	60.2299995422363	0.197251004672895
0.0804744561855484	1103.43452138795	60.4300003051758	0.197216556737507
0.0807394247912752	1106.19490737043	60.6300010681152	0.197214595093502
0.0810090775095571	1109.06660012455	60.8300018310547	0.19725663294121
0.0812740461152839	1111.78318788033	61.0299987792969	0.197235861514497
0.0815413521940079	1114.62809675646	61.2299995422363	0.197236796503696
0.0818063207997347	1117.31844948421	61.4300003051758	0.197217785056651
0.0820712802389008	1120.16215089043	61.6300010681152	0.197219710034414
0.0823409421237433	1123.05459017299	61.8300018310547	0.197246403059387
0.0826082482024677	1125.85098071276	62.0299987792969	0.197252067993945
0.0828732168081941	1128.63156437373	62.2299995422363	0.19721529175212
0.0831381762473602	1131.32180733149	62.4300003051758	0.197218555047756
0.083403144853087	1134.07220424472	62.6300010681152	0.19723696150179
0.0836681134588138	1136.95388606809	62.8300018310547	0.19722984825063
0.0839354195375378	1139.69583069196	63.0299987792969	0.197226841618696
0.0842050722558197	1142.48179308252	63.2299995422363	0.197227189948005
0.0844700408615465	1145.29135602131	63.4300003051758	0.197211790125905
0.0847350094672732	1148.13692351739	63.6300010681152	0.197249831353116
0.0850023155459973	1150.9728312542	63.8300018310547	0.197235806515132
0.085267284151724	1153.7197155277	64.0299987792969	0.197226548288751
0.085534590230448	1156.59316460168	64.2300033569336	0.197229481588198
0.0858042429487303	1159.37989538219	64.4300003051758	0.197227904939745
0.0860715581940149	1162.13600033499	64.629997253418	0.19723672317121
0.0863341801601835	1164.92338973545	64.8300018310547	0.197239436473199
0.0866014862389075	1167.69069122741	65.0299987792969	0.197217620058557
0.0868688014841925	1170.61880575729	65.2300033569336	0.197218610047121
0.0871337609233583	1173.33210041331	65.4300003051758	0.197237951490354
0.0874010761686433	1176.29358502068	65.629997253418	0.197238831480188
0.0876683822473673	1178.93959067176	65.8300018310547	0.197236099845077
0.087935697492652	1181.70502607387	66.0299987792969	0.197209736816292
0.088203003571376	1184.54697116022	66.2300033569336	0.197221396681596
0.0884679721771028	1187.21811413941	66.4300003051758	0.19723624651005
0.088737624895385	1190.12515283087	66.629997253418	0.19723032491179
0.0890025935011118	1192.88279456357	66.8300018310547	0.197216721735601
0.0892698995798358	1195.76392753697	67.0299987792969	0.197217601725436
0.0895372148251205	1198.56339163652	67.2300033569336	0.197229958249359
0.0898021742642866	1201.27558859263	67.4300003051758	0.197231149902259
0.090067142870013	1204.04596364436	67.629997253418	0.197234669861596
0.0903344489487374	1206.89789779996	67.8300018310547	0.19721457676038
0.0906017641940221	1209.70877797865	68.0299987792969	0.197220058363723
0.0908690702727461	1212.44380709304	68.2300033569336	0.197229389922591
0.0911340388784728	1215.01549845971	68.4300003051758	0.197247704711017
0.0914013449571969	1217.94723539931	68.629997253418	0.197219746700657
0.0916663135629236	1220.68918002319	68.8300018310547	0.197213513439331
0.0919336288082083	1223.55143255801	69.0299987792969	0.197232946548171
0.0922009348869323	1226.26593468395	69.2300033569336	0.197223156661265
0.0924682409656563	1228.98296151969	69.4300003051758	0.197233221544994
0.0927308629318252	1231.70778202485	69.629997253418	0.197225136638392
0.0929981781771098	1234.38781637337	69.8300018310547	0.197213421773723
0.0932654842558339	1237.10473343913	70.0299987792969	0.19722772160853
0.0935304528615606	1239.92637107701	70.2300033569336	0.197236154844442
0.0938001055798429	1242.66941340079	70.4300003051758	0.197224494979137
0.0940674208251276	1245.35954658856	70.629997253418	0.197198883608335
0.0943300336247354	1248.06186424541	70.8300018310547	0.197219600035684
0.0945973488700201	1250.60962575388	71.0299987792969	0.197228968260795
0.0948646549487441	1253.14948382294	71.2300033569336	0.197237108166762
0.0951319701940291	1255.76047284666	71.4300003051758	0.197224751642839
0.0953992762727531	1258.56882831554	71.629997253418	0.197207170179275
0.0956665915180378	1261.28091550165	71.8300018310547	0.197226383290657
0.0959315509572039	1263.93680045199	72.0299987792969	0.197221231683502
0.0961965195629307	1266.69883298435	72.2300033569336	0.197226071627591
0.0964638256416547	1269.50620052331	72.4300003051758	0.197205978526374
0.0967311408869394	1272.14419296499	72.629997253418	0.197220003364358
0.0969984469656634	1274.92499616594	72.8300018310547	0.197237144833006
0.0972657622109484	1277.73038784504	73.0299987792969	0.197220296694303
0.0975307308166748	1280.39241991492	73.2300033569336	0.197224348314165
0.097795690255841	1283.08946861217	73.4300003051758	0.197212688448861
0.0980630055011256	1285.871808593	73.629997253418	0.197225411635215
0.0983303115798496	1288.59904403798	73.8300018310547	0.197204933538446
0.0985976268251347	1291.27358988692	74.0299987792969	0.197220516691762
0.0988625862643004	1293.88622546051	74.2300033569336	0.197219160040767
0.0991299015095854	1296.45978291704	74.4300003051758	0.197209920147507
0.0993948609487512	1299.13915864561	74.629997253418	0.197226621621237
0.0996621761940362	1301.91502219693	74.8300018310547	0.197222313337673
0.0999294822727602	1304.53797614975	75.0299987792969	0.197219160040767
0.100196797518045	1307.27937192366	75.2300033569336	0.197212835113833
0.100461756957211	1309.94447755331	75.4300003051758	0.197214796757839
0.100729072202496	1312.55513726705	75.629997253418	0.19721303677817
0.100994031641662	1315.18654350923	75.8300018310547	0.197217125064276
0.101261346886946	1317.78710438373	76.0299987792969	0.197222826665077
0.10152865296567	1320.43256118485	76.2300033569336	0.197203943549883
0.101795968210955	1323.01325369085	76.4300003051758	0.197217051731789
0.102060927650121	1325.65234383245	76.629997253418	0.197220315027425
0.102325896255848	1327.25619318188	76.8300018310547	0.197213513439331
0.102593211501133	1329.84489889727	77.0299987792969	0.197218646713364
0.102860517579857	1332.46137642057	77.2300033569336	0.197213678437424
0.103127823658581	1335.18301359597	77.4300003051758	0.197217308395491
0.103395138903866	1337.81452960814	77.629997253418	0.197216391739413
0.10366244498259	1340.50367486598	77.8300018310547	0.197214173431706
0.103925066948758	1343.16889026562	78.0299987792969	0.197207115179911
0.104192382194043	1345.75177817145	78.2300033569336	0.19722026002806
0.104459688272767	1348.38044016384	78.4300003051758	0.197203338556872
0.104727003518052	1351.08495322052	78.629997253418	0.197216391739413
0.104994309596776	1353.64808252784	78.8300018310547	0.197208710161485
0.105261624842061	1356.42054320941	79.0299987792969	0.197208050169109
0.105524237641669	1358.94185014987	79.2300033569336	0.197225778297646
0.105789206247395	1361.61101726921	79.4300003051758	0.197208618495877
0.106058858965678	1364.23342237207	79.629997253418	0.197211240132259
0.106323827571404	1366.83453209653	79.8300018310547	0.197209516818833
0.106591133650128	1369.66341455386	80.0299987792969	0.197210360142424
0.106858448895413	1372.21073698237	80.2300033569336	0.197209810148778
0.107123408334579	1374.67178019735	80.4300003051758	0.19721789505538
0.107390723579864	1377.34314271653	80.629997253418	0.197205831861402
0.107655692185591	1379.92131051271	80.8300018310547	0.19720568519643
0.107925344903873	1382.55238744492	81.0299987792969	0.197218371716541
0.1081903135096	1385.25755912156	81.2300033569336	0.19720852683027
0.108457619588324	1387.88984352367	81.4300003051758	0.197210965135435
0.108724925667048	1390.30873506183	81.629997253418	0.197204823539717
0.108989894272774	1392.92257810533	81.8300018310547	0.197208251833446
0.109254862878501	1395.59602625435	82.0299987792969	0.197220608357369
0.109522168957225	1398.10317286587	82.2300033569336	0.197208270166568
0.109791821675507	1400.7073561501	82.4300003051758	0.197198791942728
0.110056790281234	1403.32471183333	82.629997253418	0.197210763471098
0.110321758886961	1405.76983839952	82.8300018310547	0.197207848504772
0.110589064965685	1408.40739176124	83.0299987792969	0.197223303326237
0.110856380210969	1411.01398998528	83.2300033569336	0.197195803643916
0.111123686289693	1413.70203754321	83.4300003051758	0.197216648403115
0.111391001534978	1416.19820715555	83.629997253418	0.197209626817563
0.111655960974144	1418.71995317598	83.8300018310547	0.197212780114468
0.111920929579871	1421.30536579162	84.0299987792969	0.197208673495242
0.112188235658595	1423.80801183348	84.2300033569336	0.197207555174828
0.11245555090388	1426.37256815068	84.4300003051758	0.197202531899524
0.112720510343046	1428.98663073417	84.629997253418	0.197216520071264
0.112990172227889	1431.5521749813	84.8300018310547	0.197205960193253
0.113257478306613	1433.94263609159	85.0299987792969	0.197210726804855
0.113520100272781	1436.47985968086	85.2300033569336	0.19720000192875
0.113787406351505	1438.93925634597	85.4300003051758	0.197207573507949
0.11405472159679	1441.44750065741	85.629997253418	0.197207078513667
0.114322027675514	1444.06628335054	85.8300018310547	0.19720343022248
0.114589342920799	1446.59395695052	86.0299987792969	0.197210580139883
0.114856648999523	1448.90713998662	86.2300033569336	0.197198663610877
0.115119270965692	1451.3643412519	86.4300003051758	0.197210085145601
0.115384239571419	1453.96819522615	86.629997253418	0.197208618495877
0.1156538922897	1456.51650558458	86.8300018310547	0.197204071881733
0.115918860895427	1458.99456314828	87.0299987792969	0.197201138582286
0.116186166974151	1461.43233512502	87.2300033569336	0.197200093594358
0.116453482219436	1464.10578327404	87.4300003051758	0.197206913515573
0.116718441658602	1466.44860420792	87.629997253418	0.197201230247894
0.116983410264329	1468.9443347403	87.8300018310547	0.197205721862673
0.117250716343053	1471.4862784392	88.0299987792969	0.197199543600711
0.117518031588337	1473.89979124777	88.2300033569336	0.197204585209137
0.117785337667061	1476.48377685351	88.4300003051758	0.197201138582286
0.118052652912346	1478.98170278573	88.629997253418	0.197200185259965
0.118317612351512	1481.58786192981	88.8300018310547	0.197210396808667
0.118584927596797	1484.10444876062	89.0299987792969	0.197198553612148
0.118852233675521	1486.47152886267	89.2300033569336	0.197198480279661
0.119117202281248	1488.9107278493	89.4300003051758	0.197203411889358
0.119384508359972	1491.53170594226	89.629997253418	0.197207866837894
0.119651823605257	1494.11700878791	89.8300018310547	0.197197710288557
0.119916792210983	1496.35368213977	90.0299987792969	0.197192393683308
0.120184098289707	1498.82603166391	90.2300033569336	0.197207793505408
0.120451404368432	1501.38312362167	90.4300003051758	0.197193457004357
0.120718719613717	1503.98708736592	90.629997253418	0.197198553612148
0.120986025692441	1506.36338814727	90.8300018310547	0.197183832115545
0.121250994298167	1508.88656117759	91.0299987792969	0.197203503554966
0.121515962903894	1511.26132517907	91.2300033569336	0.197206290189441
0.121783268982618	1513.63993113025	91.4300003051758	0.197197380292369
0.122050584227903	1516.08725309627	91.629997253418	0.1972077018398
0.122317890306627	1518.49154522553	91.8300018310547	0.197195711978308
0.122585196385351	1520.95028327069	92.0299987792969	0.197195051985932
0.122852511630635	1523.30419097373	92.2300033569336	0.197201486911595
0.123115133596804	1525.67138084577	92.4300003051758	0.197194373660435
0.123382439675528	1528.22133775408	92.629997253418	0.197195656978943
0.123649754920813	1530.63210631284	92.8300018310547	0.197197361959247
0.123917060999537	1533.14693682379	93.0299987792969	0.197191880355904
0.124184376244822	1535.5105042861	93.2300033569336	0.197199213604524
0.124451682323546	1537.86496083911	93.4300003051758	0.197194300327949
0.124714304289715	1540.11425774001	93.629997253418	0.197199506934468
0.124981610368439	1542.37321440019	93.8300018310547	0.197198626944634
0.125248925613723	1544.67531066713	94.0299987792969	0.197200075261236
0.125516231692447	1547.12812113274	94.2300033569336	0.197192265351457
0.125783546937732	1549.63921946396	94.4300003051758	0.197200900251706
0.126050853016456	1551.9865409675	94.629997253418	0.197193438671236
0.126315821622183	1554.32595903163	94.8300018310547	0.1971956203127
0.126583127700907	1556.7220184115	95.0299987792969	0.197198278615324
0.126848096306634	1559.22224951354	95.2300033569336	0.197198681943998
0.127115402385358	1561.55804516795	95.4300003051758	0.197203100226291
0.127382717630643	1563.86321499465	95.629997253418	0.197184785437865
0.127650023709367	1566.13238026407	95.8300018310547	0.197196793632479
0.127914992315093	1568.38365302482	96.0299987792969	0.197197325293004
0.128182298393817	1570.42043522171	96.2300033569336	0.197195400315242
0.128449613639102	1572.87675832705	96.4300003051758	0.197191073698556
0.128714582244829	1575.20102813232	96.629997253418	0.197194831988474
0.128984234963111	1577.27622982631	96.8300018310547	0.197193072008805
0.129249194402277	1579.65318922762	97.0299987792969	0.197185683760821
0.129514163008004	1581.91313381773	97.2300033569336	0.197193878666153
0.129781478253289	1584.28032368977	97.4300003051758	0.197180623819274
0.130048784332013	1586.49493327329	97.629997253418	0.197199965262507
0.130316090410737	1588.71064055672	97.8300018310547	0.197194245328584
0.130583405656021	1590.7886962705	98.0299987792969	0.197178662175268
0.130848374261748	1592.78727851025	98.2300033569336	0.197185408763998
0.131113333700914	1594.6609424994	98.4300003051758	0.197204236879828
0.131380648946199	1596.67269713816	98.629997253418	0.197179322167645
0.131647955024923	1599.03209334079	98.8300018310547	0.19719585864328
0.13191292363065	1601.31739479899	99.0299987792969	0.197191733690932
0.132182576348932	1603.62728473534	99.2300033569336	0.197179377167009
0.132447544954659	1605.91401320343	99.4300003051758	0.197203540221209
0.132712504393824	1608.21775602025	99.629997253418	0.197178845506484
0.132979819639109	1610.69317910415	99.8300018310547	0.197188818724606
0.133247125717833	1612.95784380391	100.029998779297	0.197196830298722
0.133514440963118	1615.23293665287	100.230003356934	0.197179945493777
0.133781747041842	1617.5777334466	100.430000305176	0.197184638772893
0.134049062287127	1619.91638312079	100.629997253418	0.197203888550518
0.134311684253296	1622.16359439185	100.830001831055	0.197175013884081
0.134576643692461	1624.42672231172	101.029998779297	0.197186362086319
0.134846296410744	1626.91795227444	101.230003356934	0.197197728621678
0.13511126501647	1629.14738080684	101.430000305176	0.197188653726512
0.135378580261755	1631.40534953709	101.629997253418	0.19717748885549
0.135645886340479	1633.69010214533	101.830001831055	0.197195473647728
0.135910854946206	1635.87562268103	102.029998779297	0.197179322167645
0.13617816102493	1637.96531401394	102.230003356934	0.197193090341926
0.136445476270215	1639.71032757275	102.430000305176	0.197185207099661
0.136712782348939	1641.66708744565	102.629997253418	0.19717536221339
0.136977750954665	1643.66413290552	102.830001831055	0.197191568692838
0.13724505703339	1645.66732548493	103.029998779297	0.197178240513473
0.137512372278674	1638.90801870307	103.230003356934	0.19718744374049
0.13777733171784	1639.89254575906	103.430000305176	0.197193292006264
0.138044646963125	1640.49474393378	103.629997253418	0.197182438798307
0.138311953041849	1641.96653998314	103.830001831055	0.197186270420711
0.138579268287134	1643.87115910996	104.029998779297	0.197181228812285
0.1388442277263	1646.1133209614	104.230003356934	0.197190945366706
0.139109196332027	1648.34022478399	104.430000305176	0.197166012321401
0.139376502410751	1650.63836933123	104.629997253418	0.197193017009441
0.139643817656035	1652.97910463526	104.830001831055	0.197177030527451
0.139911123734759	1655.47527424761	105.029998779297	0.197185537095849
0.140178438980045	1657.71688724909	105.230003356934	0.197176223870103
0.14044339841921	1660.0099823767	105.430000305176	0.197184693772258
0.140708367024937	1662.2434723988	105.629997253418	0.197181558808473
0.140975673103661	1664.52504167728	105.830001831055	0.197192045353998
0.141242988348946	1666.82296668453	106.029998779297	0.197177617187341
0.14151029442767	1669.09257103391	106.230003356934	0.197180917149219
0.141777609672955	1671.33056162566	106.430000305176	0.197182035469633
0.14204256911212	1673.69039690826	106.629997253418	0.197182438798307
0.142307537717847	1675.87152664429	106.830001831055	0.19717748885549
0.142574852963132	1678.07911094833	107.029998779297	0.197188378729689
0.142842159041856	1680.35925321692	107.230003356934	0.197166653980655
0.143109474287141	1682.53291859351	107.430000305176	0.197188947056457
0.143376780365865	1684.81415856202	107.629997253418	0.197173492234992
0.143644086444589	1687.04742904413	107.830001831055	0.197169330616401
0.143906708410758	1689.14535312642	108.029998779297	0.197186545417534
0.144174023656043	1691.22516516006	108.230003356934	0.197171273927285
0.144443676374325	1693.5418608359	108.430000305176	0.197177305524274
0.144708644980052	1695.71036702288	108.629997253418	0.197169642279467
0.144975951058776	1697.85318703179	108.830001831055	0.197188855390849
0.14524326630406	1699.88722497888	109.029998779297	0.197176352201954
0.145508225743226	1701.88569744864	109.230003356934	0.197174793886622
0.145775540988511	1703.68823048314	109.430000305176	0.197164050677395
0.146040500427677	1704.5693542069	109.629997253418	0.19718614208886
0.146314846425075	1585.72171345141	109.830001831055	0.197193677001816
0.14658216167036	1586.74773356428	110.029998779297	0.197148577522809
0.146847121109526	1589.37782256656	110.230003356934	0.197166323984467
0.147114436354811	1592.51559778068	110.430000305176	0.19718080715049
0.147379395793977	1596.10957708049	110.629997253418	0.197160769048638
0.14764905767882	1599.66952768287	110.830001831055	0.197175893873915
0.147914017117985	1603.38513213355	111.029998779297	0.197164875667865
0.148183679002828	1607.08185614564	111.230003356934	0.19715640576571
0.148448638441994	1611.03083159877	111.430000305176	0.197174078894882
0.148713607047721	1614.54511788458	111.629997253418	0.197172905575103
0.148980913126445	1618.3226326106	111.830001831055	0.197166525648804
0.14924822837173	1622.22846845697	112.029998779297	0.197166782312506
0.149515534450454	1625.85098795465	112.230003356934	0.197165003999716
0.149782849695739	1629.66878826764	112.430000305176	0.197172392247699
0.150047809134905	1633.2236894504	112.629997253418	0.197167277306788
0.150310431101074	1636.70032462903	112.830001831055	0.19716458233792
0.150577746346358	1640.15171270957	113.029998779297	0.197169862276926
0.150847399064641	1643.7921247159	113.230003356934	0.19717748885549
0.151112367670367	1647.20399559941	113.430000305176	0.19715178581908
0.151382020388649	1650.58469180526	113.629997253418	0.197187663737948
0.151646979827815	1653.96297307129	113.830001831055	0.197163940678666
0.151909601793984	1657.13093503314	114.029998779297	0.197157744083583
0.152179263678827	1660.48067610132	114.230003356934	0.19717109059607
0.152446569757551	1663.50901063366	114.430000305176	0.19716126404292
0.152711538363278	1666.72867426162	114.629997253418	0.1971681389635
0.152978844442002	1669.80849092009	114.830001831055	0.197158477408445
0.153246159687286	1672.75087554889	115.029998779297	0.197179688830075
0.153511119126452	1675.72311761545	115.230003356934	0.197159339065158
0.153776087732179	1678.64036491614	115.430000305176	0.19716126404292
0.154045740450461	1681.59273861419	115.629997253418	0.197165498993998
0.154310709056188	1684.46563883822	115.830001831055	0.197174903885352
0.154578024301472	1687.36927465993	116.029998779297	0.197153142470074
0.154845321213636	1690.1950835575	116.230003356934	0.197174867219108
0.155110289819363	1692.91968452268	116.430000305176	0.197168927287727
0.155375258425089	1695.76272730895	116.629997253418	0.197145809221455
0.155642573670374	1698.61553962448	116.830001831055	0.197179780495683
0.155909870582537	1701.37394974712	117.029998779297	0.197162767358887
0.156177185827822	1704.20546668425	117.230003356934	0.197149897507561
0.156442154433549	1707.02128651257	117.430000305176	0.197178552176539
0.156709469678834	1709.70900476052	117.629997253418	0.197161062378583
0.156974438284561	1712.35468110163	117.830001831055	0.197149512512008
0.157244081836282	1715.24712038418	118.029998779297	0.197174738887257
0.157509050442009	1717.93747311193	118.230003356934	0.197146982541235
0.157776365687293	1720.62969192954	118.430000305176	0.197157652417975
0.15804133429302	1723.39073653198	118.629997253418	0.19717132892665
0.158306284565625	1726.05672032156	118.830001831055	0.19716126404292
0.158575946450468	1728.77308853735	119.029998779297	0.197151712486594
0.158840915056195	1731.27650296915	119.230003356934	0.197166250651981
0.15910823030148	1733.94984134818	119.430000305176	0.197164802335379
0.159375527213643	1736.71132503058	119.629997253418	0.197149585844494
0.15964049581937	1739.219898652	119.830001831055	0.197145130895958
0.159905464425096	1741.90948298981	120.029998779297	0.197129859405709
0.160172779670381	1744.54549957164	120.230003356934	0.197155452443389
0.160442423222102	1747.21148336122	120.430000305176	0.197177030527451
0.160707391827829	1749.80798274603	120.629997253418	0.197144195906759
0.160974707073114	1752.35761034436	120.830001831055	0.19714870585466
0.161242022318399	1754.86212247608	121.029998779297	0.197169348949522
0.161504644284567	1757.39275986583	121.230003356934	0.197145589223997
0.161774287836289	1759.96489031247	121.430000305176	0.197171548924108
0.162041603081574	1762.62593445242	121.629997253418	0.197154169124881
0.162308918326858	1765.04910702026	121.830001831055	0.197148742520903
0.162576215239022	1767.52288355429	122.029998779297	0.19716978894444
0.162841183844748	1769.96570495065	122.230003356934	0.197158074079771
0.163106152450475	1772.381962009	122.430000305176	0.197151089160461
0.163371121056202	1774.8655080723	122.629997253418	0.197161190710434
0.163640764607923	1777.34411448596	122.830001831055	0.197137889312947
0.163908079853208	1779.77541003319	123.029998779297	0.197161649038472
0.164173048458935	1782.30033938337	123.230003356934	0.197158825737754
0.16444036370422	1784.62109654891	123.430000305176	0.197154939115986
0.164705332309946	1787.01133811922	123.629997253418	0.197144159240516
0.164972629222109	1789.42638770766	123.830001831055	0.197163317352533
0.165239944467394	1791.86635508424	124.029998779297	0.197151034161096
0.165507259712679	1794.22750760673	124.230003356934	0.197150850829881
0.165772228318406	1796.42389537162	124.430000305176	0.197153454133141
0.166037178591011	1798.32094036901	124.629997253418	0.197153454133141
0.166304493836296	1800.73434340758	124.830001831055	0.197149127516455
0.166571809081581	1802.93117025243	125.029998779297	0.197152354145848
0.166839124326865	1805.30549517393	125.230003356934	0.197139832623831
0.167104074599471	1807.58936962224	125.430000305176	0.197156974092478
0.167371389844756	1809.95216869461	125.629997253418	0.197158935736483
0.167636358450482	1812.21112535479	125.830001831055	0.197157267422423
0.167901327056209	1814.49598773303	126.029998779297	0.197140144286897
0.16817097060793	1816.86065289526	126.230003356934	0.197156589096925
0.168435939213657	1819.11631645569	126.430000305176	0.19713697265687
0.168703254458942	1821.37856621562	126.629997253418	0.197136752659411
0.168970569704227	1823.57912524019	126.830001831055	0.197160035723776
0.169233191670395	1825.66288899354	127.029998779297	0.197138329307864
0.169500488582559	1827.7625693957	127.230003356934	0.197144452570461
0.169767803827843	1830.11537939882	127.430000305176	0.197167955632285
0.170035119073128	1832.38597167813	127.629997253418	0.197130171068775
0.170302434318413	1834.6183640003	127.830001831055	0.197159027402091
0.170569731230576	1836.85382988225	128.029998779297	0.197149695843224
0.170837046475861	1838.89456379883	128.229995727539	0.197139557627008
0.17109966844203	1841.13222508061	128.429992675781	0.197153399133776
0.171366983687315	1843.49831725274	128.630004882813	0.197133617695626
0.171634280599478	1845.56857929711	128.830001831055	0.197154939115986
0.171901595844763	1847.73104813454	129.029998779297	0.197145680889605
0.172168911090047	1849.84565725557	129.229995727539	0.197143462581897
0.172433879695774	1851.87925612269	129.429992675781	0.197142582592063
0.172698848301501	1853.97037446549	129.630004882813	0.197143902576815
0.172963798574106	1856.14535708198	129.830001831055	0.19715581910582
0.173233460458949	1857.84547471418	130.029998779297	0.197136880991262
0.173500775704234	1859.58576816335	130.229995727539	0.197135029345985
0.173768072616397	1861.2371479192	130.429992675781	0.19715404079303
0.174035387861682	1863.24615830817	130.630004882813	0.197141335939798
0.174300356467408	1865.22223769962	130.830001831055	0.197147275871179
0.174565325073135	1867.45627657167	131.029998779297	0.197140015955046
0.17483264031842	1869.36122500847	131.229995727539	0.197149750842588
0.175099937230583	1871.31161822184	131.429992675781	0.197132059380295
0.175367252475868	1873.2582792555	131.630004882813	0.19714657921256
0.175632221081595	1874.19066556541	131.830001831055	0.1971449108985
0.175897189687322	1874.82469703774	132.029998779297	0.1971415926035
0.176164486599485	1875.90417513659	132.229995727539	0.197143334250046
0.176434148484328	1876.9814578356	132.429992675781	0.19714195926593
0.176699117090054	1878.00605093858	132.630004882813	0.19712501946162
0.176966432335339	1876.31164134596	132.830001831055	0.197149915840682
0.177231382607945	1873.47057441954	133.029998779297	0.197143664246234
0.177503391132345	1750.47604291581	133.229995727539	0.19713057439745
0.177773053017188	1752.95816196921	133.429992675781	0.19711209461093
0.178040349929352	1756.21646463426	133.630004882813	0.197121994496565
0.178307665174636	1759.57751201159	133.830001831055	0.197118584535957
0.178574980419921	1763.10661724629	134.029998779297	0.197152152481511
0.178839949025648	1766.65570061948	134.229995727539	0.197146322548859
0.179104899298253	1770.19468515343	134.429992675781	0.197112259609023
0.179372214543538	1773.92444993304	134.630004882813	0.197124451134852
0.179639529788823	1777.66914343153	134.830001831055	0.19714811919477
0.179906845034107	1781.28430833976	135.029998779297	0.197128392755985
0.180174141946271	1784.81132794461	135.229995727539	0.197139080965848
0.180439110551997	1788.55470420319	135.429992675781	0.197122471157726
0.180701732518166	1792.05768417985	135.630004882813	0.197135267676566
0.180971394403009	1795.79919434858	135.830001831055	0.197147569201124
0.18124103795473	1799.40426041757	136.029998779297	0.197118272872891
0.181506006560457	1802.95367310073	136.229995727539	0.197119996186317
0.181773321805742	1806.54139551102	136.429992675781	0.197142435927091
0.182038290411468	1809.90299173831	136.630004882813	0.197133342698803
0.182303259017195	1813.45273373145	136.830001831055	0.197129016082118
0.182570555929359	1816.86899541463	137.029998779297	0.197142655924549
0.182840217814202	1820.26099792964	137.229995727539	0.197117374549935
0.183105186419928	1823.65519584447	137.429992675781	0.197143040920102
0.183370155025655	1826.80713138752	137.630004882813	0.197134772682284
0.183637451937818	1830.14842016634	137.830001831055	0.197101864729106
0.183902420543545	1833.18421905812	138.029998779297	0.197152647475793
0.18416973578883	1836.34647298039	138.229995727539	0.19711517457535
0.184437051034115	1839.43144882847	138.429992675781	0.197129547742643
0.184704347946278	1842.39908055538	138.630004882813	0.197138842635267
0.184971663191563	1845.27263939935	138.830001831055	0.197120106185046
0.185236631797289	1848.27023833401	139.029998779297	0.197139172631455
0.185503947042574	1851.22217295209	139.229995727539	0.197122691155184
0.185768897315179	1854.0979271959	139.429992675781	0.19712868608593
0.186038559200022	1856.90628266478	139.630004882813	0.197128576087201
0.186303527805749	1859.84745982367	139.830001831055	0.19711695288814
0.186570843051034	1862.55285104029	140.029998779297	0.197145075896594
0.186835793323639	1865.28744107472	140.229995727539	0.197119574524521
0.187098415289807	1867.9241162765	140.429992675781	0.197136752659411
0.18736807717465	1870.82072681875	140.630004882813	0.197131857715958
0.187635392419935	1873.52128815573	140.830001831055	0.197123424480046
0.187902689332098	1876.26751380928	141.029998779297	0.197124341136123
0.188170004577383	1878.93316828888	141.229995727539	0.197132627707063
0.18843497318311	1881.69520082124	141.429992675781	0.197116512893222
0.188699941788837	1884.32111856384	141.630004882813	0.197144947564743
0.188967238701	1886.98018684394	141.830001831055	0.197121169506096
0.189236900585843	1889.74397569617	142.029998779297	0.197114184586786
0.18950186919157	1892.38745663744	142.229995727539	0.197126449445101
0.189769184436854	1895.06869845587	142.429992675781	0.197119189528969
0.190034153042581	1897.72403455626	142.630004882813	0.197128777751538
0.190299103315186	1900.2562087259	142.830001831055	0.197118822866537
0.190566418560471	1902.88278508844	143.029998779297	0.197123607811261
0.190833733805756	1905.45930633475	143.229995727539	0.197123167816344
0.191101049051041	1908.07754017792	143.429992675781	0.19711482624604
0.191365999323646	1910.65340280427	143.630004882813	0.197133837693085
0.191633314568931	1913.17152641497	143.830001831055	0.197108959647145
0.191898283174657	1915.85562225319	144.029998779297	0.197127604431759
0.192163251780384	1918.46924575671	144.229995727539	0.197139887623196
0.192432895332106	1921.01481186534	144.429992675781	0.197097611444907
0.19270021057739	1923.52920329632	144.630004882813	0.197132957703251
0.192965179183117	1926.15973137857	144.830001831055	0.197128484421593
0.193232494428402	1928.64448491177	145.029998779297	0.197104504698609
0.193497444701007	1931.07523160904	145.229995727539	0.197136092667035
0.193764759946292	1933.63923907629	145.429992675781	0.197132462708969
0.194032075191577	1936.15406958723	145.630004882813	0.197109876303222
0.194299390436861	1938.57625422514	145.830001831055	0.197135744337726
0.194564340709467	1941.14179847227	146.029998779297	0.197108024657946
0.194829309315193	1943.53127165264	146.229995727539	0.197110426296869
0.195096624560478	1946.00834128642	146.429992675781	0.197131876049079
0.195363939805763	1948.46301784189	146.630004882813	0.19710356970941
0.195631236717926	1950.99607017146	146.830001831055	0.197119354527062
0.195898551963211	1953.3607353337	147.029998779297	0.197117209551841
0.196163520568938	1955.80092225025	147.229995727539	0.197116586225709
0.196428489174665	1958.2318884875	147.429992675781	0.1971273844343
0.196695804419949	1960.63629038675	147.630004882813	0.197113634593139
0.19696544797167	1963.02510494717	147.830001831055	0.197140070954411
0.197230416577397	1965.46485278376	148.029998779297	0.197143627579991
0.197497731822682	1967.91074773988	148.229995727539	0.197075923362116
0.197765047067967	1970.24270144458	148.429992675781	0.197083036613277
0.198027650701014	1972.51340349387	148.630004882813	0.197129437743913
0.198294965946299	1974.87258015652	148.830001831055	0.197125404457173
0.198562281191584	1977.08400641027	149.029998779297	0.197110737959935
0.198831943076427	1979.32814412157	149.229995727539	0.197084558262365
0.199096893349032	1981.68029550474	149.429992675781	0.197112149610294
0.199364208594317	1984.02476298849	149.630004882813	0.197118126207918
0.199631523839602	1986.31215007653	149.830001831055	0.197106099680183
0.19989414580577	1988.60766014397	150.029998779297	0.197102121392808
0.200163789357491	1991.081436678	150.229995727539	0.197099096427752
0.200431104602776	1993.27112847339	150.429992675781	0.197088628215349
0.200696073208503	1995.5629063611	150.630004882813	0.197122361158996
0.200963388453788	1997.94074392234	150.830001831055	0.19710606301394
0.201228338726393	2000.14558397659	151.029998779297	0.197090094865072
0.20149330733212	2002.47270780165	151.229995727539	0.197104083036813
0.201760622577404	2004.67820647584	151.429992675781	0.197115082909742
0.202027937822689	2007.02772337922	151.630004882813	0.197099243092725
0.202295234734852	2009.29974266841	151.830001831055	0.197110572961841
0.202560203340579	2011.58712975646	152.029998779297	0.197098106439189
0.202827518585864	2013.9171076013	152.229995727539	0.197111471284797
0.203092487191591	2016.06618449974	152.429992675781	0.197092111508443
0.203359802436876	2018.37750144598	152.630004882813	0.197107896326095
0.203627099349039	2020.61658973766	152.830001831055	0.197113212931344
0.203894414594324	2022.96369170121	153.029998779297	0.197097391447448
0.204161729839608	2025.03549052546	153.229995727539	0.19710452303173
0.204426698445335	2027.3149741741	153.429992675781	0.197107529663664
0.20469164871794	2029.52003376833	153.630004882813	0.197100838074299
0.204958963963225	2031.78371053815	153.830001831055	0.197110591294963
0.20522627920851	2033.96967015382	154.029998779297	0.19710025141441
0.205493594453795	2036.32862727648	154.229995727539	0.197107987991703
0.2057585447264	2038.43972375778	154.429992675781	0.197113139598858
0.206025859971685	2040.6289764732	154.630004882813	0.19709563146778
0.206290828577411	2042.91153368161	154.830001831055	0.197123736143112
0.206560490462254	2045.17586907138	155.029998779297	0.197101663064769
0.206827787374418	2047.3811482056	155.229995727539	0.19709918809336
0.207092755980144	2049.37018045607	155.429992675781	0.197111599616648
0.207360071225429	2051.659104324	155.630004882813	0.197102543054603
0.207625039831156	2053.74166060744	155.830001831055	0.197106503008857
0.207890008436883	2056.02465689581	156.029998779297	0.197107456331178
0.208157305349046	2058.19678549252	156.229995727539	0.197089984866343
0.208426967233889	2060.45497376276	156.429992675781	0.197131234389825
0.208691935839615	2062.6692540363	156.630004882813	0.197091854844741
0.208959232751779	2064.65828628677	156.830001831055	0.197090718191205
0.209226547997063	2066.79902066584	157.029998779297	0.19708378827126
0.209489169963232	2068.99925038043	157.229995727539	0.197098748098443
0.209758831848075	2071.17818471663	157.429992675781	0.197114459583609
0.210026128760238	2073.43944654663	157.630004882813	0.197088114887945
0.210291097365965	2075.6254061623	157.830001831055	0.197093706490017
0.21055841261125	2077.84122321572	158.029998779297	0.197096548123857
0.210823381216977	2080.04781958984	158.229995727539	0.197091323184216
0.211090696462261	2082.24256080485	158.429992675781	0.197092661502089
0.211355646734867	2084.36551244525	158.630004882813	0.197095998130211
0.211625308619709	2086.61360187625	158.830001831055	0.197086941568166
0.211892623864994	2088.7466523559	159.029998779297	0.197098381436012
0.212155245831163	2090.79869258163	159.229995727539	0.197094769811067
0.212422542743326	2093.02285215443	159.429992675781	0.197082688283967
0.212687511349053	2095.10584751783	159.630004882813	0.19710736466557
0.212954826594338	2097.25931521594	159.830001831055	0.197074878374188
0.213222141839622	2099.24395666675	160.029998779297	0.19710404637057
0.213489438751786	2101.51948859568	160.229995727539	0.197089929866978
0.213754407357513	2103.48766454772	160.429992675781	0.197083329943221
0.214019375963239	2105.62905754674	160.630004882813	0.197104908027283
0.214289037848082	2107.79745396373	160.830001831055	0.197088151554189
0.214556334760245	2110.02095491657	161.029998779297	0.197092221507172
0.21482365000553	2112.13073415797	161.229995727539	0.197095833132117
0.215088618611257	2114.19967896243	161.429992675781	0.197087399896205
0.215355933856542	2116.2699410068	161.630004882813	0.197096236460791
0.215620902462269	2118.50156493903	161.830001831055	0.197095484802807
0.215885852734874	2120.54065230574	162.029998779297	0.197076491688884
0.216155514619717	2122.6229890492	162.229995727539	0.197091414849824
0.216422829865001	2124.7885314464	162.429992675781	0.197087748225514
0.216687798470728	2126.922240546	162.630004882813	0.197081808294133
0.216952748743333	2129.07197606439	162.830001831055	0.197094458148001
0.217220063988618	2131.14531166852	163.029998779297	0.197085658249658
0.217485032594345	2133.25838400967	163.229995727539	0.197093834821868
0.21775234783963	2135.41119308783	163.429992675781	0.197093816488746
0.218021991391351	2137.49506661117	163.630004882813	0.197083476608194
0.218289306636636	2139.58969759371	163.830001831055	0.197096603123222
0.218554275242363	2141.62351600081	164.029998779297	0.197085548250929
0.218821590487647	2143.63603902952	164.229995727539	0.197082468286509
0.219084212453816	2144.14120053154	164.429992675781	0.197087234898111
0.219353856005537	2146.22134187516	164.630004882813	0.197091414849824
0.219621171250822	2148.35439235481	164.830001831055	0.197090131531315
0.219888486496107	2150.26373159127	165.029998779297	0.197078160002945
0.220153436768712	2152.2826212795	165.229995727539	0.197084521596122
0.220418405374439	2154.11116980204	165.429992675781	0.197086299908912
0.220685720619724	2156.00733663949	165.630004882813	0.197084704927337
0.22095068922545	2157.46266719008	165.830001831055	0.197080928304299
0.221220332777172	2158.83874380664	166.029998779297	0.19708864654847
0.221487648022456	2160.65016821046	166.229995727539	0.197089324873967
0.221752616628183	2162.41680645765	166.429992675781	0.197075465034078
0.222019931873468	2164.2172538623	166.630004882813	0.197090406528139
0.222287228785631	2148.53617146114	166.830001831055	0.197077646675542
0.222645989641195	38.5434342930748	166.979995727539	0.197221635012176
