File Path: C:\Users\MTS\Desktop\SE171\Test Run 11 2-3-2017 3 06 11 PM\DAQ- Crosshead, … - (Timed).txt   
Test: MTS EM Tension (Extensometer-Crosshead) 171-2017-W
Test Run: Test Run 11
Date: 2/3/2017 1:30:11 PM


Crosshead 	Load 	Time 	Extensometer 
in	lbf	sec	in
0.00027668955756487	4.35924851549125	0.239999994635582	-0.000103407873620034
0.000541654976479449	10.6717374035202	0.439999997615814	-6.30217255809295E-05
0.000804275617793598	16.6291263712912	0.639999985694885	-2.91945337546246E-05
0.0010692410009013	22.7467760967018	0.839999973773956	1.11757261013228E-05
0.00133655130483694	28.8068600372214	1.03999996185303	5.08076369427957E-05
0.00160386153715883	34.858757537575	1.24000000953674	9.0766183720415E-05
0.00186882699188028	40.8498767656226	1.44000005722046	0.000124276140035019
0.00213379244660174	46.8463335595191	1.63999998569489	0.000164256909456311
0.00240110267892363	52.8346879558998	1.8400000333786	0.000205358819083648
0.002668412768018	58.7657355559634	2.03999996185303	0.000241529226435328
0.0029357231435674	64.6920870585675	2.24000000953674	0.000284613780802213
0.00320068859828885	70.5363031648465	2.44000005722046	0.000321955502747767
0.00346799897383825	76.4570358159981	2.64000010490417	0.00035988067986726
0.00373296414210469	82.1793523464409	2.83999991416931	0.000397053196410717
0.00399792959682614	87.8521831924787	3.03999996185303	0.000433594473501516
0.00426523997237555	93.7904310179387	3.24000000953674	0.000472234105258193
0.00453255034792492	99.4869584609452	3.44000005722046	0.000511499641242705
0.00479986043701929	105.37333310468	3.64000010490417	0.00055091191381335
0.00506482617819579	111.108266323549	3.83999991416931	0.000589519713255469
0.0053297913464622	116.715838909493	4.03999996185303	0.000626636908172382
0.00559475651472866	122.531988201007	4.23999977111816	0.000666011368679835
0.00586206717673307	128.265357197494	4.44000005722046	0.000704347787793417
0.00613172218665539	133.930737405342	4.6399998664856	0.000740523906342142
0.00639668735492181	139.738324637499	4.84000015258789	0.000780232445021547
0.00666399801692626	145.491232692517	5.03999996185303	0.000817915889907512
0.00693130810602063	151.088596669229	5.23999977111816	0.000854608057182295
0.00719392892636917	156.645318306495	5.44000005722046	0.000895542336910169
0.00746123901546354	162.340130593381	5.6399998664856	0.000932722623546161
0.00772854910455791	167.869080422735	5.84000015258789	0.000970105505498
0.00799585919365228	173.47850537729	6.03999996185303	0.00100745501543952
0.00826316985565669	179.125183522794	6.23999977111816	0.0010455135015659
0.00852813502392315	184.609539293	6.44000005722046	0.001082301273205
0.00879310076509961	190.148862386575	6.6399998664856	0.00112417147311063
0.00905806593336606	195.60024599551	6.84000015258789	0.00115579968846795
0.00932772094328835	201.115282478411	7.03999996185303	0.00119604010251351
0.00959503103238276	206.567900999753	7.23999977111816	0.00122839333553703
0.00985999620064917	211.957470382086	7.44000005722046	0.00126465309895282
0.0101273068626536	217.424537378592	7.6399998664856	0.00130362859922535
0.01039227203092	222.794581423643	7.84000015258789	0.00134472759059212
0.0106595826929244	228.351989123358	8.03999996185303	0.00138084369681328
0.0109245478611909	233.735685811131	8.23999977111816	0.00141948862798791
0.0111918585231953	239.206375217366	8.4399995803833	0.00145440133665248
0.0114591691851997	244.403133609193	8.64000034332275	0.00149317574549804
0.0117241343534661	249.82203902182	8.84000015258789	0.00152478204704601
0.0119890995217326	255.203183557285	9.03999996185303	0.00156227557225094
0.012256410183737	260.504909503723	9.23999977111816	0.00160141664352744
0.0125237196999213	265.858995736222	9.4399995803833	0.001636169080606
0.0127910303619257	271.15152844585	9.64000034332275	0.00167862687137997
0.0130583410239302	276.440356418255	9.84000015258789	0.0017082269851661
0.0133209606984586	281.636648287618	10.039999961853	0.00174707916655072
0.0135859270125452	286.994082504866	10.2399997711182	0.00178602372968063
0.0138555820224675	292.336697773228	10.4399995803833	0.00182270916526235
0.0141228915386518	297.600113992546	10.6400003433228	0.00185971313883096
0.0143878578527383	302.862158086965	10.8400001525879	0.00189708205610037
0.0146551673689226	308.117808079363	11.039999961853	0.00193074410212937
0.0149201325371891	313.209571474084	11.2399997711182	0.00197036999853431
0.0151850988512756	318.413053277907	11.4399995803833	0.0020078156857502
0.0154524083674599	323.617001604192	11.6400003433228	0.00204219931198511
0.0157197190294644	328.738293126693	11.8400001525879	0.00207908755772395
0.0159870296914688	333.898333456282	12.039999961853	0.00211555714944495
0.0162519948597352	338.982742261555	12.2399997711182	0.00215328184385439
0.0165193043759195	344.140998828776	12.4399995803833	0.00218772061268146
0.0167819251962681	349.274145510386	12.6400003433228	0.00222307761308854
0.0170515802061904	354.420245051022	12.8400001525879	0.0022640661760435
0.0173188908681948	359.481602158027	13.039999961853	0.00230318418769056
0.0175862015301993	364.490105014008	13.2399997711182	0.00233763097725831
0.0178511666984657	369.604535912024	13.4399995803833	0.00237436897733696
0.01811847621465	374.571024303661	13.6400003433228	0.00240845397420917
0.0183810970349985	379.601481157992	13.8400001525879	0.00244344330959271
0.0186460633490851	384.499143764803	14.039999961853	0.00248037967977561
0.0189157183590074	389.517580805036	14.2399997711182	0.00251863832635013
0.0191830278751917	394.593894073418	14.4399995803833	0.00255302868427811
0.0194479930434582	399.431677149732	14.6400003433228	0.00258934774388391
0.0197129593575446	404.360733974183	14.8400001525879	0.00262828442950066
0.019977923379991	409.083148789169	15.039999961853	0.00265902535042058
0.0202452340419954	414.038577854139	15.2399997711182	0.00269625046726785
0.0205125447039998	418.843649472912	15.4399995803833	0.00272830335219853
0.0207798553660043	423.699654367856	15.6400003433228	0.00276491287719884
0.0210471660280087	428.687300925403	15.8400001525879	0.00280078936379227
0.021312130050455	433.447531502548	16.0400009155273	0.002836989258108
0.0215794407124594	438.087701151218	16.2399997711182	0.002871225789688
0.0218467513744639	442.866757281947	16.4400005340576	0.00290621655734667
0.0221117176885504	447.603222655877	16.6399993896484	0.00294065360744359
0.0223790260589146	452.400637817725	16.8400001525879	0.00297592997076137
0.0226463367209191	456.919593953006	17.0400009155273	0.00300883821039424
0.0229113030350056	461.527600994094	17.2399997711182	0.00304587770438584
0.0231762670574519	466.14639293687	17.4400005340576	0.00307862094592479
0.0234435777194563	470.666117462095	17.6399993896484	0.00311077093910866
0.0237108883814607	475.182274462588	17.8400001525879	0.00314504413693175
0.0239781990434652	479.756390018723	18.0400009155273	0.00317916608650208
0.0242431653575517	484.203501694406	18.2399997711182	0.00321457507849605
0.024508129379998	488.530305459133	18.4400005340576	0.00324722350342199
0.0247754400420025	492.899974405637	18.6399993896484	0.00328002031205046
0.0250427507040069	497.098182625032	18.8400001525879	0.00330801871256888
0.0253124057139292	501.270979091337	19.0400009155273	0.00334104325294157
0.0255773697363756	505.517650762088	19.2399997711182	0.00337213794581636
0.02584468039838	509.507241112166	19.4400005340576	0.00340597859655294
0.0261096467124665	513.555832832807	19.6399993896484	0.0034359841874258
0.026374613026553	517.607498113219	19.8400001525879	0.00346555006983653
0.0266419213969172	521.654717708965	20.0400009155273	0.00349958121316419
0.0269092320589217	525.604296897049	20.2399997711182	0.00352865697102856
0.0271765427209261	529.711121598313	20.4400005340576	0.00356276832176299
0.0274415090350126	533.782325937257	20.6399993896484	0.00358851862325165
0.0277064730574589	537.770818587417	20.8400001525879	0.00361959412363981
0.0279737837194634	541.600748484496	21.0400009155273	0.00365031757080326
0.0282410943814678	545.600053478844	21.2399997711182	0.00367979665734167
0.0285084050434722	549.4994677807	21.4400005340576	0.0037074776656933
0.0287757157054767	553.467433442403	21.6399993896484	0.00373892097433252
0.029040679727923	557.307352408734	21.8400001525879	0.00376815227727501
0.0293056460420095	561.085306214721	22.0400009155273	0.00379809026476216
0.0295706100644558	564.894599353352	22.2399997711182	0.00382626827258074
0.0298379207264603	568.71991891078	22.4400005340576	0.00385732916376267
0.0301052313884647	572.563515171833	22.6399993896484	0.00388671773051344
0.0303725420504691	576.268911013275	22.8400001525879	0.0039144417071187
0.0306375060729154	579.971617489919	23.0400009155273	0.00394617233014717
0.030902472387002	583.749077330944	23.2399997711182	0.00397600031890504
0.0311697830490064	587.468907926301	23.4400005340576	0.00400094510886567
0.0314370937110108	591.25454563171	23.6399993896484	0.00402733420505827
0.0317044043730152	595.006977914618	23.8400001525879	0.00405576658493831
0.0319717127433795	598.616709208251	24.0400009155273	0.00408791571875713
0.0322390234053839	602.293400196852	24.2399997711182	0.00411065938831197
0.0325039897194704	605.98781903912	24.4400005340576	0.00414449803386339
0.0327666093939989	609.488329190963	24.6399993896484	0.00417187883734968
0.0330362644039212	613.080167975943	24.8400001525879	0.00419925190655032
0.0333035750659256	616.801151156214	25.0400009155273	0.00422651383120157
0.03357088572793	620.362583653478	25.2399997711182	0.00425741287529484
0.0338358497503763	624.036146197313	25.4400005340576	0.00428793666330642
0.0341008160644629	627.505536556498	25.6399993896484	0.00431546928795555
0.0343657823785494	631.122896864558	25.8400001525879	0.00433865438470264
0.0346330930405538	634.619290641712	26.0400009155273	0.00436984905038087
0.0349027480504761	638.197188637741	26.2399997711182	0.00439475574182331
0.0351677120729225	641.789356732694	26.4400005340576	0.00442569632189508
0.0354350227349269	645.320273172254	26.6399993896484	0.00445217851597051
0.0357023333969313	648.635656233016	26.8400001525879	0.00447830350063083
0.0359649530714598	652.213005379083	27.0400009155273	0.00450674848453193
0.0362322637334642	655.689091707764	27.2399997711182	0.00453595486588732
0.0365019187433865	658.987844614777	27.4400005340576	0.00456246685128528
0.036766885057473	662.647082174689	27.6399993896484	0.00458786653182433
0.0370341957194775	666.069216552427	27.8400001525879	0.00461445013097831
0.0372991597419238	669.206936881543	28.0400009155273	0.00463829321491598
0.0375641260560103	672.100034784051	28.2399997711182	0.00466216064753071
0.0378314367180148	675.299775158508	28.4400005340576	0.00468909544054433
0.038098745088379	678.692710718439	28.6399993896484	0.00471161882618559
0.0383660557503834	682.006556999316	28.8400001525879	0.00473852726533701
0.0386310220644699	685.43950372124	29.0400009155273	0.00476301773762933
0.0388983327264744	688.829640146382	29.2399997711182	0.00479014732005941
0.0391632967489207	692.126801388514	29.4400005340576	0.00481497323118504
0.0394306074109252	695.486092445975	29.6399993896484	0.00484763769759232
0.0396979180729295	698.829960819597	29.8400001525879	0.00487362604320606
0.0399652287349339	702.215980870048	30.0400009155273	0.00489677046333976
0.0402325393969382	705.55463516906	30.2399997711182	0.00492713985209331
0.0404975034193846	708.900753827512	30.4400005340576	0.00494995427603913
0.040764814081389	712.278815553562	30.6399993896484	0.00498038210161764
0.0410321247433937	715.605889118446	30.8400001525879	0.00500439448047457
0.041299435405398	718.929889123559	31.0400009155273	0.0050294369515985
0.0415643994278445	722.233636565196	31.2399997711182	0.00505704147645866
0.0418317100898488	725.501434334536	31.4400005340576	0.00508731576214421
0.0420966741122949	727.717855122913	31.6399993896484	0.00511011185296846
0.0423592960784638	730.274014035752	31.8400001525879	0.00513096749745898
0.0426289533800264	732.868098480738	32.0400009155273	0.00515064523889
0.0428986060983083	735.9467076693	32.2400016784668	0.00516996204699059
0.0431635701207547	735.961471733189	32.439998626709	0.00517548776440705
0.0434308807827591	732.071991615585	32.6399993896484	0.00515407181388925
0.0436958493884858	734.15410881906	32.8400001525879	0.00517055901926098
0.0439608134109323	737.068996064931	33.0400009155273	0.00519197210522854
0.0442304661292142	740.200020424551	33.2400016784668	0.00521179994909224
0.0444977767912185	743.505304646072	33.439998626709	0.0052362649268874
0.0447650874532232	746.613826157386	33.6399993896484	0.00526279467249685
0.04503005605895	748.786778029031	33.8400001525879	0.00528014983659185
0.0452950200813961	751.701061539946	34.0400009155273	0.0053026543162015
0.0455599841038425	754.759692590009	34.2400016784668	0.00532702132637839
0.0458272947658468	757.793515621938	34.439998626709	0.00535324513802201
0.0460969520674095	760.960599423849	34.6399993896484	0.00537972618627736
0.0463619160898559	764.174445242244	34.8400001525879	0.00540071130843878
0.0466292267518602	767.190265995526	35.0400009155273	0.00542472941639622
0.0468965374138646	770.25169618038	35.2400016784668	0.00544709066849378
0.047161501436311	773.339471163252	35.439998626709	0.00546972691741457
0.0474288120983154	776.282624181997	35.6399993896484	0.00549362815172213
0.0476961227603197	779.453989013585	35.8400001525879	0.00551589716530193
0.0479610867827661	782.446648298608	36.0400009155273	0.00554429574348913
0.0482283974447705	785.410767385777	36.2400016784668	0.00556624507326193
0.0484933614672169	788.27719118029	36.439998626709	0.00558917751667772
0.0487606721292213	790.991967731205	36.6399993896484	0.0056108398185163
0.049025640734948	793.899829697601	36.8400001525879	0.00563447636838154
0.0492929513969524	796.786231630613	37.0400009155273	0.00565664684143299
0.0495602574756764	799.50056910156	37.2400016784668	0.00567899720823965
0.0498252260814032	802.319846684616	37.439998626709	0.00570294083789079
0.0500901901038496	805.065413718215	37.6399993896484	0.00572485350142051
0.0503575007658539	806.566847665343	37.8400001525879	0.00574343641174913
0.0506248114278583	798.323176170072	38.0400009155273	0.00568109119446642
0.0508944641461406	800.204139863667	38.2400016784668	0.00570265151831638
0.0511594327518673	802.889607826785	38.439998626709	0.00572274920281287
0.0514243967743134	805.640718244966	38.6399993896484	0.00574712881701083
0.0516893607967598	808.491938895623	38.8400001525879	0.00576798961769173
0.0519543294024866	811.464674927142	39.0400009155273	0.00578860292123177
0.0522239821207689	814.144709275668	39.2400016784668	0.00581304383680488
0.052488946143215	817.028860923849	39.439998626709	0.00583574482456114
0.0527562568052197	819.717786641706	39.6399993896484	0.00589591298366008
0.0530212254109461	822.50237690737	39.8400001525879	0.00573174331766209
0.0532861894333925	825.194485954987	40.0400009155273	0.00501052748254228
0.0535535000953969	827.97007508133	40.2400016784668	0.0107222006153902
0.0538208107574016	830.744566507753	40.439998626709	0.0253093303327896
0.0540904634756835	833.457422083811	40.6399993896484	0.076716441265124
0.0543554320814102	836.287896206027	40.8400001525879	0.188277986663298
0.0546227427434146	838.9273705426	41.0400009155273	0.140274880365945
0.0548900488221386	841.66190569203	41.2400016784668	0.0940483727118398
0.0551526707883075	844.26669271121	41.439998626709	0.0660313572001268
0.0554223280898697	847.00292929551	41.6399993896484	0.262385780563739
0.0556896387518744	849.730988015426	41.8400001525879	0.267220023051491
0.0559569448305984	852.387641355709	42.0400009155273	0.228656851869869
0.0562219134363252	855.158400602413	42.2400016784668	0.155584842670621
0.0564892240983295	857.778171225468	42.439998626709	0.190237394028057
0.056754188120776	860.490587721559	42.6399993896484	0.173423171600723
0.0570214987827803	863.278800396953	42.8400001525879	0.181164882167822
0.0572888094447847	865.994235567816	43.0400009155273	0.181633330089605
0.057556120106789	868.69183311502	43.2400016784668	0.174378473898322
0.0578210841292354	871.349529270226	43.439998626709	0.188295623126227
0.0580883947912398	874.042132282805	43.6399993896484	0.191506321035971
0.0583557054532441	876.602901535297	43.8400001525879	0.191428698599339
0.0586206694756906	879.423551243251	44.0400009155273	0.191858243637198
0.0588879801376949	882.272302069093	44.2400016784668	0.19251361606628
0.0591552907996996	885.051074525194	44.439998626709	0.192365429444811
0.0594202548221457	887.731163758716	44.6399993896484	0.193085499459833
0.0596852234278724	890.36438120576	44.8400001525879	0.193585150354491
0.0599525340898768	893.006709562121	45.0400009155273	0.192764211504713
0.0602221868081591	895.5796083987	45.2400016784668	0.192375457662297
0.0604894974701634	898.169027619036	45.439998626709	0.193462391772608
0.0607544614926098	900.658556146884	45.6399993896484	0.193751981760573
0.0610217721546142	903.164550173491	45.8400001525879	0.193594078584684
0.0612867361770606	905.575263847264	46.0400009155273	0.193379049402053
0.0615517047827874	908.214683298842	46.2400016784668	0.193384054344235
0.0618213575010693	910.80635280401	46.439998626709	0.193764998276872
0.0620886681630736	913.098350231707	46.6399993896484	0.193486518160565
0.0623536367688004	915.602917248422	46.8400001525879	0.194324763477083
0.0626209428475244	918.052105304301	47.0400009155273	0.193135988876576
0.0628859114532512	920.466935352763	47.2400016784668	0.193458798480785
0.0631508754756976	922.877484371547	47.439998626709	0.194390689382168
0.0634205327772602	925.389351092714	47.6399993896484	0.193684552539521
0.0636878388559843	928.0047309161	47.8400001525879	0.193677274290267
0.0639551495179886	930.354138049481	48.0400009155273	0.193856022225356
0.0642201181237154	932.825170333718	48.2400016784668	0.193679950926013
0.0644874287857197	935.2676624201	48.439998626709	0.193829402532869
0.0647523928081662	937.643743661475	48.6399993896484	0.194196449959372
0.0650197034701705	940.181406330703	48.8400001525879	0.193692087452477
0.0652893561884528	942.70765292079	49.0400009155273	0.193540619202252
0.0655543247941795	945.133789278402	49.2400016784668	0.194033596840665
0.0658192888166256	947.784295499147	49.439998626709	0.194032075191577
0.0660865994786299	950.29275935057	49.6399993896484	0.193763843290215
0.0663515635010764	952.863023707347	49.8400001525879	0.193746115161678
0.0666188741630807	955.290806614836	50.0400009155273	0.193804432821321
0.0668885314646433	957.920346767157	50.2400016784668	0.193910984923755
0.0671534954870898	960.499063413299	50.439998626709	0.194045421704063
0.0674184595095362	963.100063367765	50.6399993896484	0.193828614208642
0.0676834281152626	965.559789342852	50.8400001525879	0.193650746263388
0.0679507341939866	968.142787018672	51.0400009155273	0.193953976093784
0.0682180448559913	970.674192798371	51.2400016784668	0.194016547037626
0.0684830134617181	973.136333713276	51.439998626709	0.193798272892481
0.0687503241237224	975.837773210192	51.6399993896484	0.193759333342314
0.0690152881461685	978.392669768125	51.8400001525879	0.193844252361322
0.069280252168615	980.923087617897	52.0400009155273	0.193906584974584
0.0695475628306193	983.4943399046	52.2400016784668	0.193963307652652
0.069814873492624	986.049016922549	52.439998626709	0.193801261191293
0.0700821841546284	988.762970198525	52.6399993896484	0.193718615479357
0.0703471481770748	991.273519679791	52.8400001525879	0.193924514767457
0.0706121167828012	993.857395515545	53.0400009155273	0.193976452500802
0.0708770808052476	996.371347866555	53.2400016784668	0.193821610956211
0.0711420448276941	998.997375379141	53.439998626709	0.193768114907535
0.0714117021292567	1001.5385506881	53.6399993896484	0.193854793906212
0.071679012791261	1004.18016553952	53.8400001525879	0.193920664811932
0.071946318869985	1006.7835804338	54.0400009155273	0.193925669754115
0.0722112874757118	1009.30027703461	54.2400016784668	0.193789197997315
0.0724785981377161	1011.86197933203	54.439998626709	0.193777024804607
0.0727435621601626	1014.46802870612	54.6399993896484	0.193920078152043
0.0730108728221669	1017.05080684195	54.8400001525879	0.193941692902347
0.0732805255404492	1019.79538594562	55.0400009155273	0.193823297603393
0.0735431475066177	1022.33809803447	55.2400016784668	0.193794771266265
0.0738128048081803	1024.89420206231	55.439998626709	0.193849403968477
0.0740801154701846	1027.62473060704	55.6399993896484	0.193925926417817
0.0743427328530728	1030.046256625	55.8400001525879	0.193898041739943
0.0746123901546354	1032.75428232142	56.0400009155273	0.193783936391431
0.0748797008166398	1035.340463327	56.2400016784668	0.193809841092177
0.0751446648390862	1037.87658921635	56.439998626709	0.193928126392402
0.0754119755010906	1040.49076156982	56.6399993896484	0.193904549998092
0.075676939523537	1043.05608627697	56.8400001525879	0.193818054330631
0.0759442501855413	1045.60516502534	57.0400009155273	0.193815029365575
0.0762115608475457	1048.23492471765	57.2400016784668	0.193872613700356
0.07647887150955	1050.88543093839	57.439998626709	0.193910123267043
0.0767461821715547	1053.40015167934	57.6399993896484	0.193869093741019
0.0770111461940008	1055.8802948729	57.8400001525879	0.193792479626072
0.0772784614392858	1058.63661936569	58.0400009155273	0.193848450646156
0.0775434208784516	1061.12181197886	58.2400016784668	0.193911424918672
0.0778130735967339	1063.70799298444	58.439998626709	0.193877600309417
0.0780780422024606	1066.31492051846	58.6399993896484	0.193814406039443
0.0783453574477453	1068.9188842627	58.8400001525879	0.193828155880603
0.0786103168869114	1071.37740276788	59.0400009155273	0.193883430242069
0.0788752854926378	1073.95315562425	59.2400016784668	0.193901708364252
0.0791425915713618	1076.45108155646	59.439998626709	0.193843207373394
0.0794099068166469	1079.1734871218	59.6399993896484	0.193803222835298
0.0796772128953709	1081.76801064676	59.8400001525879	0.193869368737842
0.0799421815010976	1084.33915316347	60.0400009155273	0.193906218312153
0.0802094875798217	1086.98087778487	60.2400016784668	0.193862750480963
0.0804744561855484	1089.50251403531	60.439998626709	0.193814534371293
0.0807394247912752	1092.07365655202	60.6399993896484	0.193857837204389
0.0810090775095571	1094.71175876369	60.8400001525879	0.193885648549776
0.0812763835882811	1097.33065122682	61.0400009155273	0.193887500195053
0.0815436988335661	1099.83373634864	61.2400016784668	0.193830044192123
0.0818086582727319	1102.30213415308	61.439998626709	0.193817284339526
0.0820736268784587	1105.01487995914	61.6399993896484	0.193885281887345
0.0823409421237433	1107.42334334808	61.8400001525879	0.193894246783782
0.0826082482024677	1110.08570472794	62.0400009155273	0.193838019099996
0.0828755542811917	1112.67221504349	62.2400016784668	0.193823444268365
0.0831428695264764	1115.07617786277	62.439998626709	0.19385915718914
0.0834078381322031	1117.6457835996	62.6399993896484	0.193903596675771
0.0836751442109272	1120.17400604954	62.8400001525879	0.193860843836322
0.0839401128166539	1122.78488530326	63.0400009155273	0.193822527612288
0.084207418895378	1125.40158236655	63.2400016784668	0.193844032363863
0.0844747341406626	1128.00368002093	63.439998626709	0.193885666882898
0.0847420402193866	1130.44705026725	63.6399993896484	0.193873035362152
0.0850070088251134	1133.03059679303	63.8400001525879	0.193837780769416
0.0852743149038374	1135.5742968118	64.0400009155273	0.193832409164802
0.0855416301491224	1138.17826055605	64.2399978637695	0.193862970478422
0.0858065895882882	1140.60362852372	64.4400024414063	0.19388581354787
0.0860739048335732	1143.20748249797	64.6399993896484	0.193848413979913
0.0863412109122973	1145.65974411362	64.8399963378906	0.193823627599581
0.0866061795180236	1148.17457462456	65.0400009155273	0.193863667137041
0.0868711481237504	1150.75812115034	65.2399978637695	0.193875711997898
0.0871384542024744	1153.34825387562	65.4400024414063	0.193861907157372
0.0874081069207567	1155.88053781526	65.6399993896484	0.193838514094278
0.0876730755264835	1158.46507227096	65.8399963378906	0.193852905594693
0.0879403816052075	1161.01909066896	66.0400009155273	0.19386638043903
0.0882053502109343	1163.49484306284	66.2399978637695	0.193873640355163
0.088470318816661	1166.12745677493	66.4400024414063	0.193833710816432
0.088737624895385	1168.65271543509	66.6399993896484	0.193843940698256
0.0890072776136669	1171.07951041265	66.8399963378906	0.193866270440301
0.089274592858952	1173.73078502334	67.0400009155273	0.193871532046185
0.0895395522981177	1176.24254197452	67.2399978637695	0.193852172269831
0.0898045209038445	1178.72663688777	67.4400024414063	0.193830520853283
0.0900718361491295	1181.31457421322	67.6399993896484	0.193856003892234
0.0903367955882953	1183.8595914719	67.8399963378906	0.193872870364058
0.0906064483065776	1186.31800020708	68.0400009155273	0.193856370554665
0.0908714169123043	1188.89507030335	68.2399978637695	0.193843262372758
0.091138732157589	1191.36577327761	68.4400024414063	0.193844875687455
0.0914036915967547	1193.93966004411	68.6399993896484	0.193876738652704
0.0916686602024815	1196.4578934248	68.8399963378906	0.193858588862372
0.0919359662812055	1198.90741079066	69.0400009155273	0.193837909101267
0.0922032815264905	1201.47504066763	69.2399978637695	0.193829934193393
0.0924729342447724	1204.0945917507	69.4400024414063	0.193878645297345
0.0927379028504992	1206.59745733255	69.6399993896484	0.193877893639362
0.0930028622896654	1209.0908826951	69.8399963378906	0.193835947457261
0.09327017753495	1211.67475853086	70.0400009155273	0.193833674150189
0.0935351369741162	1214.1976022512	70.2399978637695	0.193864400461903
0.0938024522194008	1216.79717519577	70.4400024414063	0.193870212061433
0.0940721049376831	1219.37501368198	70.6399993896484	0.193842327383559
0.0943347269038516	1221.86174307504	70.8399963378906	0.193845554012952
0.0946020421491362	1224.33387305919	71.0400009155273	0.19385607722472
0.0948670015883024	1226.81390648275	71.2399978637695	0.193855875560383
0.095134316833587	1229.39284266888	71.4400024414063	0.193858258866184
0.095401622912311	1231.90953926968	71.6399993896484	0.193841722390548
0.0956689381575961	1234.38979223323	71.8399963378906	0.193847790653781
0.0959362442363201	1236.81834353066	72.0400009155273	0.193860770503836
0.0961988662024886	1239.31780624276	72.2399978637695	0.193868543747372
0.0964661722812126	1241.91079298782	72.4400024414063	0.19383866075925
0.0967334875264976	1244.316182817	72.6399993896484	0.19384078740135
0.0970007936052217	1246.83781906743	72.8399963378906	0.193859707182787
0.0972681088505063	1249.26757783477	73.0400009155273	0.193863667137041
0.0975330682896724	1251.76495491703	73.2399978637695	0.193840622403256
0.0978003835349571	1254.24685443045	73.4400024414063	0.19384221738483
0.0980653429741232	1256.80208029835	73.6399993896484	0.193856608885245
0.0983326582194079	1259.23205860568	73.8399963378906	0.193860550506378
0.0985999642981319	1261.75874427573	74.0400009155273	0.193851548943698
0.0988696261829748	1264.14174102659	74.2399978637695	0.193855435565466
0.0991345856221406	1266.61068768098	74.4400024414063	0.193853272257123
0.0993995542278673	1268.99456259177	74.6399993896484	0.193846159005963
0.0996645228335941	1271.43804260808	74.8399963378906	0.193860367175162
0.0999318289123181	1273.91873465159	75.0400009155273	0.193851053949416
0.100199134991042	1276.35068881876	75.2399978637695	0.193836992445189
0.100466450236327	1278.80426767431	75.4400024414063	0.193863190475881
0.100731418842054	1281.14906446804	75.6399993896484	0.193872118706074
0.100998724920778	1283.39484872921	75.8399963378906	0.193837157443283
0.101263693526505	1285.83558449572	76.0400009155273	0.193852245602317
0.101530999605229	1288.15963476101	76.2399978637695	0.193850760619471
0.101795968210955	1290.46184079794	76.4400024414063	0.193850668953864
0.102065620929237	1292.90411334434	76.6399993896484	0.193851622276184
0.102330589534964	1295.18085274318	76.8399963378906	0.19384245571541
0.10259554897413	1297.56341041407	77.0400009155273	0.193846049007234
0.102862864219415	1299.87143426056	77.2399978637695	0.193867040431406
0.103127823658581	1302.17122535767	77.4400024414063	0.193855527231074
0.103395138903866	1304.6223892734	77.6399993896484	0.193827037560189
0.103664791622148	1306.80856842905	77.8399963378906	0.193852538932261
0.103927413588317	1308.63898304145	78.0400009155273	0.193856095557842
0.104194719667041	1310.5431630883	78.2399978637695	0.193865298784859
0.104459688272767	1312.09981134128	78.4400024414063	0.193840750735106
0.104729340991049	1313.79191576407	78.6399993896484	0.193840017410245
0.104994309596776	1315.1137660047	78.8399963378906	0.193858258866184
0.105263962315058	1316.32793188342	79.0400009155273	0.193849293969748
0.105528930920785	1316.50334433024	79.2399978637695	0.193844802354969
0.105791552886954	1315.61947635668	79.4400024414063	0.193848652310493
0.106061205605235	1314.6895049866	79.6399993896484	0.193845572346074
0.10632852085052	1314.07325625292	79.8399963378906	0.193850045627731
0.106598173568802	1313.86491280859	80.0400009155273	0.193856113890963
0.106863133007969	1313.78950082425	80.2399978637695	0.193843189040272
0.107130448253253	1313.65667913424	80.4400024414063	0.193844564024388
0.10739541685898	1312.43691498594	80.6399993896484	0.193850467289527
0.107660376298146	1311.02637059198	80.8399963378906	0.193848432313035
0.107930029016428	1310.06555385421	81.0400009155273	0.193845462347344
0.108197344261713	1309.75885649726	81.2399978637695	0.193832812493476
0.108464650340437	1309.65501408507	81.4400024414063	0.193851402278726
0.108729618946164	1309.921974705	81.6399993896484	0.193850998950052
0.108996925024888	1310.17784855576	81.8399963378906	0.193850870618201
0.109261893630615	1310.62625897205	82.0400009155273	0.193841190730024
0.109529208875899	1311.29914902147	82.2399978637695	0.193839669080935
0.109798861594182	1312.11803315991	82.4400024414063	0.193848083983726
0.110066167672906	1312.83592890594	82.6399993896484	0.193852850595328
0.110331136278632	1313.69883081107	82.8399963378906	0.193845627345438
0.110596104884359	1314.63923033037	83.0400009155273	0.19383250083041
0.110863410963083	1315.54593046221	83.2399978637695	0.193845040685548
0.111130726208368	1316.74933888174	83.4400024414063	0.193854353911295
0.111398032287092	1317.87020026748	83.6399993896484	0.19384126406251
0.111665338365816	1318.91850368868	83.8399963378906	0.19385145727809
0.111930306971543	1320.18974996311	84.0400009155273	0.193850448956405
0.112195275577269	1321.39985435214	84.2399978637695	0.193842767378477
0.112464928295551	1322.76791775929	84.4400024414063	0.193845224016764
0.112729896901278	1323.95551930001	84.6399993896484	0.193851603943063
0.112997202980002	1325.4907624046	84.8399963378906	0.19383653411715
0.113266855698284	1326.97869464274	85.0400009155273	0.193849477300963
0.113529477664453	1328.45147862202	85.2399978637695	0.193852190602952
0.113796792909738	1329.86882875547	85.4400024414063	0.193844545691267
0.114064098988462	1331.524489541	85.6399993896484	0.193827917550023
0.114331414233746	1333.12548487065	85.8399963378906	0.193861503828698
0.114596373672913	1334.76149682766	86.0400009155273	0.193849000639803
0.114863688918197	1336.42363404271	86.2399978637695	0.193829365866626
0.115130994996921	1337.96195070706	86.4400024414063	0.193850338957676
0.11539361696309	1339.69302347692	86.6399993896484	0.193846727332731
0.115663269681372	1341.41674165734	86.8399963378906	0.193835617461073
0.115930584926657	1343.1864534643	87.0400009155273	0.193841777389913
0.116197891005381	1345.09634155072	87.2399978637695	0.19384351903646
0.116462859611107	1346.71709547888	87.4400024414063	0.193839595748449
0.116730165689831	1348.51655495361	87.6399993896484	0.193854482243146
0.116995134295558	1350.24378577376	87.8399963378906	0.193844949019941
0.117260102901285	1352.14785605062	88.0400009155273	0.193835782459167
0.117529755619567	1353.97914882295	88.2399978637695	0.193841484059969
0.117797061698291	1355.91505239741	88.4400024414063	0.193859542184693
0.118064376943576	1357.68125156464	88.6399993896484	0.19384126406251
0.118329336382742	1359.6278028283	88.8399963378906	0.193830612518891
0.118594304988469	1361.3677669675	89.0400009155273	0.193852722263477
0.118861620233754	1363.39587733503	89.2399978637695	0.193837799102537
0.119126579672919	1365.23232929698	89.4400024414063	0.193845425681101
0.119396232391202	1367.26252529435	89.6399993896484	0.193846635667123
0.119663547636486	1369.19645300897	89.8399963378906	0.193843262372758
0.119928516242213	1371.10908534518	90.0400009155273	0.193834114145106
0.120195822320937	1373.07056532773	90.2399978637695	0.193845279016129
0.120460790926664	1375.16343999039	90.4400024414063	0.193838789091101
0.120728097005388	1376.91405181879	90.6399993896484	0.193840622403256
0.120995412250673	1378.97794720363	90.8399963378906	0.193844325693808
0.121262718329397	1381.00386217133	91.0400009155273	0.193845444014222
0.121530024408121	1382.8691836411	91.2399978637695	0.193839797412786
0.121792646374289	1384.90947847772	91.4400024414063	0.193837414106985
0.122062308259132	1387.03078356825	91.6399993896484	0.193838954089195
0.122327267698298	1388.93968372475	91.8399963378906	0.193845389014858
0.122594582943583	1390.94781595378	92.0400009155273	0.19384078740135
0.122864235661865	1393.00084410944	92.2399978637695	0.19383629578657
0.123126857628034	1394.92127011507	92.4400024414063	0.193840182408339
0.123394163706758	1396.92336499456	92.6399993896484	0.193838385762427
0.123659132312485	1398.98232072978	92.8399963378906	0.193836772447731
0.123928785030767	1400.89407490606	93.0400009155273	0.193838239097454
0.124193753636493	1402.98629094878	93.2399978637695	0.193841062398173
0.124461059715217	1404.97565250922	93.4400024414063	0.19383770743693
0.124728374960502	1407.00112839696	93.6399993896484	0.193844545691267
0.124990996926671	1409.05207092277	93.8399963378906	0.1938442340282
0.125260649644953	1411.05131178248	94.0400009155273	0.193835195799278
0.125527955723677	1413.11718302717	94.2399978637695	0.193838165764968
0.125795270968962	1415.17537037245	94.4400024414063	0.19383746910635
0.126062577047686	1417.28471053387	94.6399993896484	0.193838495761156
0.126327545653413	1419.13883546449	94.8399963378906	0.193834535806902
0.126592514259139	1421.28253363333	95.0400009155273	0.193831950836764
0.126857473698305	1423.18671368018	95.2399978637695	0.193837285775134
0.127127126416587	1425.15488963222	95.4400024414063	0.193837047444554
0.127394441661872	1427.26807174336	95.6399993896484	0.193832775827233
0.127661747740596	1429.38816936398	95.8399963378906	0.193830392521432
0.127926716346323	1431.38686137373	96.0400009155273	0.193846269004692
0.12819168495205	1433.34164538677	96.2399978637695	0.19383119917878
0.128458991030774	1435.32123741796	96.4400024414063	0.193840127408974
0.128726306276059	1437.3598857047	96.6399993896484	0.19383523246552
0.128993612354783	1439.33135475649	96.8399963378906	0.193835030801183
0.129260918433507	1441.22818021389	97.0400009155273	0.19383913742041
0.129525887039233	1443.26704804062	97.2399978637695	0.193837652437565
0.129793202284518	1445.16200740816	97.4400024414063	0.193837010778311
0.130058161723684	1447.17178618708	97.6399993896484	0.19384020074146
0.130325476968969	1449.09265127267	97.8399963378906	0.193836350785935
0.130592783047693	1451.01966347781	98.0400009155273	0.193835452462979
0.130860098292978	1453.01989226744	98.2399978637695	0.193832922492206
0.131125057732144	1454.92088898453	98.4400024414063	0.193826487566542
0.13139002633787	1456.87095288793	98.6399993896484	0.19383523246552
0.131659679056153	1458.8373725201	98.8399963378906	0.193835049134305
0.131924647661879	1460.82398983076	99.0400009155273	0.193833967480134
0.132191953740603	1462.88129901609	99.2399978637695	0.193834774137482
0.132461615625446	1464.77768539353	99.4400024414063	0.193830997514443
0.132724228425054	1466.82467619965	99.6399993896484	0.193834572473145
0.132989197030781	1468.69537639901	99.8399963378906	0.193823865930161
0.133256503109505	1470.71382700727	100.040000915527	0.193846580667759
0.13352381835479	1472.76959941273	100.23999786377	0.193832354165438
0.133791124433514	1474.71505297648	100.440002441406	0.193826524232785
0.134058439678798	1476.66961744954	100.639999389648	0.193833655817068
0.134323408284525	1478.63054858213	100.839996337891	0.193835947457261
0.134588367723691	1480.64142506096	101.040000915527	0.193829952526515
0.134855682968976	1482.5868786247	101.23999786377	0.193833472485852
0.1351229890477	1484.49435177131	101.440002441406	0.193844215695079
0.135390304292985	1486.4591248536	101.639999389648	0.193825259247399
0.135657610371709	1488.38020947918	101.839996337891	0.193834719138117
0.135922578977435	1490.32928545266	102.040000915527	0.193832134167979
0.136187538416602	1491.20986032646	102.23999786377	0.193836424118421
0.136454853661886	1491.80272805189	102.440002441406	0.193838935756073
0.13672215974061	1492.28626486554	102.639999389648	0.193831767505548
0.136989474985895	1492.98220661322	102.839996337891	0.19382610257099
0.137256781064619	1493.88824812511	103.040000915527	0.193832445831045
0.137521749670346	1494.93084350673	103.23999786377	0.193838092432482
0.137786709109512	1495.9755245182	103.440002441406	0.193828192546846
0.138054024354797	1497.08365258489	103.639999389648	0.193827349223255
0.138321330433521	1498.1743272229	103.839996337891	0.193840879066957
0.138588645678806	1498.9604999038	104.040000915527	0.193826725897122
0.13885595175753	1499.39321321127	104.23999786377	0.193829879194029
0.139120920363256	1499.35128107442	104.440002441406	0.193839907411515
0.13938822644198	1499.23327833329	104.639999389648	0.19383119917878
0.139655541687265	1499.44359763748	104.839996337891	0.193823902596404
0.139922847765989	1499.88750748411	105.040000915527	0.193834077478863
0.140190163011274	1500.61802677919	105.23999786377	0.193832665828504
0.140457469089998	1501.4346057478	105.440002441406	0.193829310867261
0.140722437695725	1501.38466040156	105.639999389648	0.193833985813256
0.140987397134891	1495.97607336815	105.839996337891	0.193824489256294
0.141257059019733	1493.0104175011	106.040000915527	0.193825699242316
0.1415220184589	1492.01963355558	106.23999786377	0.193825240914277
0.141789333704184	1492.04993007331	106.440002441406	0.193828009215631
0.142058986422467	1492.64982307821	106.639999389648	0.193836570783394
0.142321608388635	1493.44774114822	106.839996337891	0.19381840265994
0.142588914467359	1494.48912905994	107.040000915527	0.19382610257099
0.142856229712644	1495.82096836981	107.23999786377	0.193826927561459
0.143123535791368	1497.16169904902	107.440002441406	0.193833545818338
0.143390851036653	1498.45994874143	107.639999389648	0.193825442578614
0.143658157115377	1499.97170106778	107.839996337891	0.193825772574802
0.143923125721104	1501.44898561672	108.040000915527	0.193824232592592
0.14418809432683	1502.84207658199	108.23999786377	0.193825167581791
0.144457747045113	1504.51661780611	108.440002441406	0.193828045881874
0.144722706484278	1506.04055460154	108.639999389648	0.193828229213089
0.144990021729563	1507.61048502352	108.839996337891	0.193826010905382
0.145257327808287	1509.30522392612	109.040000915527	0.193826377567813
0.145522296414014	1510.85034632996	109.23999786377	0.193828870872344
0.145787265019741	1512.43257099102	109.440002441406	0.193822270948587
0.146054571098465	1514.22412702633	109.639999389648	0.19382527758052
0.14632188634375	1515.984398614	109.839996337891	0.193829365866626
0.146589192422474	1517.65992776804	110.040000915527	0.193816129352868
0.146856507667758	1519.49681880995	110.23999786377	0.193825735908559
0.147121467106924	1521.09858252954	110.440002441406	0.193826854228973
0.147386435712651	1522.75490193502	110.639999389648	0.193825369246128
0.147653741791375	1524.61308835533	110.839996337891	0.193823114272178
0.14792105703666	1526.36161455388	111.040000915527	0.193830924181957
0.148190709754942	1528.28280894946	111.23999786377	0.193817412671376
0.148458015833666	1530.10696667232	111.440002441406	0.193829145869167
0.148720637799835	1531.88765547846	111.639999389648	0.193821867619913
0.148987953045119	1533.64781729613	111.839996337891	0.19382480091936
0.149252912484285	1535.52027381537	112.040000915527	0.193828577542399
0.14952022772957	1537.39251079462	112.23999786377	0.193827367556377
0.149787533808294	1539.25366100471	112.440002441406	0.19382668923088
0.150057195693137	1541.15048646211	112.639999389648	0.193826909228338
0.150322155132303	1543.06498488819	112.839996337891	0.1938276425532
0.15058712373803	1544.95489483611	113.040000915527	0.193820364303946
0.150856776456312	1546.94359777661	113.23999786377	0.193824489256294
0.151121745062039	1548.79333190755	113.440002441406	0.193822490946045
0.151389051140763	1550.77687565844	113.639999389648	0.193823334269636
0.151656366386048	1552.72770795178	113.839996337891	0.193822527612288
0.151921325825213	1554.640230518	114.040000915527	0.193822637611017
0.15218629443094	1556.50599106774	114.23999786377	0.193824012595133
0.152453600509664	1558.48261930915	114.440002441406	0.193831749172427
0.152720915754949	1560.37110224718	114.639999389648	0.193813801046432
0.152985884360676	1562.29624836245	114.839996337891	0.193830777516985
0.1532531904394	1564.1991111694	115.040000915527	0.193819245983531
0.153520496518124	1566.20186466884	115.23999786377	0.193824067594498
0.153783118484293	1568.1113136753	115.440002441406	0.193820107640244
0.154052780369135	1570.09408903624	115.639999389648	0.193825827574167
0.15432009561442	1572.0646799281	115.839996337891	0.193825442578614
0.154587392526583	1574.1637017103	116.040000915527	0.193823315936515
0.15485236113231	1575.96513704488	116.23999786377	0.193824489256294
0.155117329738037	1577.98742960285	116.440002441406	0.193824489256294
0.155384644983322	1579.92838259694	116.639999389648	0.193828064214996
0.155651941895485	1581.83794137338	116.839996337891	0.193818145996238
0.15591925714077	1583.92938902616	117.040000915527	0.193819245983531
0.156186572386055	1585.90294370779	117.23999786377	0.193836130788476
0.156453887631339	1587.96552185273	117.440002441406	0.193827184225161
0.156718837903945	1589.75543133818	117.639999389648	0.193805661140465
0.156983806509671	1591.77519918634	117.839996337891	0.193836515784029
0.157251121754956	1593.78201417547	118.040000915527	0.19381864099052
0.157516090360683	1595.73076083897	118.23999786377	0.193811234409415
0.157785733912404	1597.71035287015	118.440002441406	0.193826762563366
0.158053049157689	1599.7582218362	118.639999389648	0.193829879194029
0.158318017763416	1601.71278630927	118.839996337891	0.193815744357316
0.158582986369143	1603.618503136	119.040000915527	0.193826854228973
0.158850283281306	1605.75660303527	119.23999786377	0.193828962537951
0.159117598526591	1607.62181473505	119.440002441406	0.193815011032454
0.159384913771875	1609.66474405147	119.639999389648	0.193822014284885
0.15965222901716	1611.70503888809	119.839996337891	0.193829145869167
0.159917179289765	1613.60405974533	120.040000915527	0.193834939135576
0.160182147895492	1615.45950191584	120.23999786377	0.193803442832757
0.160451809780335	1617.47948930399	120.440002441406	0.193814644370023
0.160716778386061	1619.39003601036	120.639999389648	0.193826432567178
0.160984093631346	1621.47325091375	120.839996337891	0.193830777516985
0.16125139054351	1623.45075731509	121.040000915527	0.193816752679001
0.161516359149236	1625.39610110884	121.23999786377	0.193814442705686
0.161783674394521	1627.31817366435	121.440002441406	0.193830117524609
0.162050989639806	1629.34090530229	121.639999389648	0.193815689357951
0.162318286551969	1631.27735772671	121.839996337891	0.19381946598099
0.162583255157696	1633.20426016186	122.040000915527	0.193821262626902
0.162852917042539	1635.14016373632	122.23999786377	0.193820437636432
0.163117885648266	1637.10724198844	122.440002441406	0.193815304362398
0.163380489281313	1638.95082899985	122.639999389648	0.193822417613559
0.163650151166156	1640.97465833771	122.839996337891	0.193815872689167
0.163917466411441	1643.01363593442	123.040000915527	0.193818750989249
0.164184781656725	1644.98279981639	123.23999786377	0.193817761000686
0.16444973192933	1646.86985574453	123.440002441406	0.193832794160355
0.164714700535057	1648.84362996615	123.639999389648	0.19381449770505
0.164982015780342	1650.74671231308	123.839996337891	0.193814717702509
0.165249331025627	1652.83717203593	124.040000915527	0.193820290971459
0.16551662793779	1654.6638544686	124.23999786377	0.193827844217537
0.165783943183075	1656.69427000597	124.440002441406	0.193816991009581
0.166048911788802	1658.72753956311	124.639999389648	0.193813819379553
0.166313880394528	1660.56882140469	124.839996337891	0.193827917550023
0.166581177306691	1662.65170699811	125.040000915527	0.193812682726017
0.166848492551976	1664.61867548024	125.23999786377	0.193818714323006
0.167113461157703	1666.51001243805	125.440002441406	0.193819667645327
0.167380776402988	1668.62593879899	125.639999389648	0.193810024423393
0.167648073315151	1670.41936092416	125.839996337891	0.193820125973365
0.167913041920878	1672.33331050028	126.040000915527	0.193825094249305
0.168180357166163	1674.23781985711	126.23999786377	0.193819319316017
0.168445325771889	1676.17569929142	126.440002441406	0.193818384326818
0.168712641017174	1678.05814487991	126.639999389648	0.193820804298863
0.168979937929337	1679.8939382219	126.839996337891	0.193813727713945
0.169247253174622	1681.94630775761	127.040000915527	0.193823444268365
0.169512221780349	1683.90427510042	127.23999786377	0.193817596002592
0.169777190386076	1685.73600695272	127.440002441406	0.193816587680907
0.170046833937797	1687.73338172256	127.639999389648	0.193807549451984
0.170311802543524	1689.54370842647	127.839996337891	0.193826927561459
0.170579117788809	1691.64185204874	128.039993286133	0.193813416050879
0.170848779673652	1693.63033544925	128.240005493164	0.19381070274889
0.171111383306698	1695.38775301714	128.440002441406	0.193820712633255
0.171376351912425	1697.26229516621	128.639999389648	0.193817651001957
0.171646013797268	1699.21609124934	128.839996337891	0.193818915987343
0.171913329042553	1701.19041432091	129.039993286133	0.193816917677094
0.172178279315158	1703.07132312951	129.240005493164	0.193815597692343
0.172445594560443	1705.03774276169	129.440002441406	0.193814626036901
0.17271056316617	1706.82435914737	129.639999389648	0.19380833777621
0.172975531771896	1708.81163507798	129.839996337891	0.193823224270907
0.173245175323618	1710.77684724024	130.039993286133	0.193812627726652
0.173512490568902	1712.62647160119	130.240005493164	0.1938176876682
0.173779805814187	1714.48026722183	130.440002441406	0.193817247673282
0.174044774419914	1716.49762013017	130.639999389648	0.193814589370658
0.174309743025641	1718.26766124711	130.839996337891	0.193813049388448
0.174577039937804	1720.15614418514	131.039993286133	0.193819300982896
0.174842008543531	1722.12047818747	131.240005493164	0.193816532681542
0.175111670428374	1724.05923578172	131.440002441406	0.193814424372564
0.175378967340537	1726.05046343203	131.639999389648	0.193814424372564
0.175643935946264	1727.94465440963	131.839996337891	0.193815194363669
0.175908904551991	1729.67682487941	132.039993286133	0.193811986067398
0.176176219797275	1731.65663645058	132.240005493164	0.193816771012122
0.17644353504256	1733.53271537954	132.440002441406	0.193812059399885
0.176710831954723	1735.49474421204	132.639999389648	0.193809767759691
0.176978147200008	1737.30419275602	132.839996337891	0.193819392648504
0.177245462445293	1739.27006353823	133.039993286133	0.19381614768599
0.17751043105102	1741.16809646554	133.240005493164	0.193812151065492
0.177775381323625	1743.11574542912	133.440002441406	0.193816917677094
0.178042696568909	1744.88194459635	133.639999389648	0.19382041930331
0.178310011814195	1746.94737676108	133.839996337891	0.193821574289968
0.178577327059479	1748.68130355073	134.039993286133	0.193801554521238
0.178844623971643	1750.65046743269	134.240005493164	0.193834975801819
0.179109592577369	1752.4834067549	134.440002441406	0.193798126227508
0.179374561183096	1754.31755354701	134.639999389648	0.193828394211183
0.179644223067939	1756.28858351884	134.839996337891	0.193806944458973
0.179909173340544	1758.11087515185	135.039993286133	0.193815341028641
0.180176488585829	1759.97828225146	135.240005493164	0.193805899471044
0.180443803831114	1761.97620587127	135.440002441406	0.193821372625631
0.18070877243684	1763.85030894038	135.639999389648	0.193809969424028
0.180976069349004	1765.70608042087	135.839996337891	0.193819795977178
0.181243384594289	1767.73265400852	136.039993286133	0.193810042756514
0.181510699839573	1769.62662544614	136.240005493164	0.193811014411956
0.1817756684453	1771.53168365292	136.440002441406	0.193811362741266
0.182042965357463	1773.41094591165	136.639999389648	0.193821922619277
0.182310280602748	1775.30074608958	136.839996337891	0.19380868610552
0.182572902568917	1776.99669246208	137.039993286133	0.19382076763262
0.182842564453759	1778.99867757158	137.240005493164	0.193813141054056
0.183109861365923	1780.85357089214	137.440002441406	0.193811472739995
0.183377176611207	1782.72580787139	137.639999389648	0.193816092686625
0.183642145216934	1784.65688156622	137.839996337891	0.193817156007675
0.183907113822661	1786.55524380351	138.039993286133	0.193804799483752
0.184174429067946	1788.23681030709	138.240005493164	0.193813049388448
0.184441725980109	1790.17765353119	138.440002441406	0.193815616025465
0.184711387864952	1792.09017609741	138.639999389648	0.193815689357951
0.184978703110237	1794.04847275019	138.839996337891	0.193801994516155
0.185243671715963	1795.73552775337	139.039993286133	0.193821262626902
0.185508621988569	1797.67757844737	139.240005493164	0.193803424499635
0.185773590594295	1799.43817934502	139.440002441406	0.193814571037537
0.186043252479138	1801.23994398957	139.639999389648	0.193815102698061
0.186308221084865	1803.05938160279	139.839996337891	0.193807879448172
0.186575517997028	1805.00637194642	140.039993286133	0.193819667645327
0.186842833242313	1806.75281251513	140.240005493164	0.193810317753337
0.187105455208482	1808.5715915084	140.440002441406	0.193815432694249
0.187372770453767	1810.40134750085	140.639999389648	0.193806596129663
0.18764006736593	1812.24866669197	140.839996337891	0.193819374315382
0.187907382611215	1814.09697381302	141.039993286133	0.193803534498365
0.1881746978565	1816.05570954577	141.240005493164	0.193816221018476
0.188442013101784	1817.88151381852	141.440002441406	0.193811527739359
0.188706963374389	1819.59776763949	141.639999389648	0.193809767759691
0.188971931980116	1821.41797364266	141.839996337891	0.193813471050244
0.189241593864959	1823.37330650566	142.039993286133	0.193811326075022
0.189506562470686	1825.17155851048	142.240005493164	0.193810666082647
0.189773859382849	1827.07233568758	142.440002441406	0.193812572727288
0.190041174628134	1828.89868881029	142.639999389648	0.193817522670106
0.190303796594302	1830.72328561312	142.839996337891	0.193808997768586
0.190571111839587	1832.54371115627	143.039993286133	0.193818329327454
0.190840755391309	1834.38850563758	143.240005493164	0.193799941206542
0.191108070636593	1836.28401385509	143.440002441406	0.193801554521238
0.19137303924232	1838.07052047078	143.639999389648	0.193814057710133
0.191640354487605	1839.7822737221	143.839996337891	0.193804579486293
0.191905323093332	1841.60972454472	144.039993286133	0.193802086181763
0.192170273365937	1843.40413459982	144.240005493164	0.193813177720299
0.19243993525078	1845.2454164414	144.440002441406	0.193812334396708
0.192707250496065	1847.08823506286	144.639999389648	0.193797887896928
0.192972219101791	1848.90405026636	144.839996337891	0.193812279397343
0.193239516013955	1850.69374021182	145.039993286133	0.193810592750161
0.193504484619681	1852.37585556536	145.240005493164	0.193805917804166
0.193769453225408	1854.22065004668	145.440002441406	0.193805276144912
0.194036768470693	1856.04283190969	145.639999389648	0.19381306772157
0.194304065382856	1857.92428956825	145.839996337891	0.193811069411321
0.194571380628141	1859.69663585501	146.039993286133	0.193797851230685
0.194838695873426	1861.45141894309	146.240005493164	0.193812829390989
0.195103664479152	1863.36844207898	146.440002441406	0.193804157824498
0.195368633084879	1865.08612290985	146.639999389648	0.193798767886763
0.1956382766366	1866.99151042661	146.839996337891	0.193803131169691
0.195905591881885	1868.81325320966	147.039993286133	0.193807201122674
0.19617290712717	1870.50107660278	147.240005493164	0.193808759438006
0.196440204039333	1872.48088817394	147.440002441406	0.193800124537757
0.196702826005502	1874.18649430572	147.639999389648	0.193813122720934
0.196970141250787	1876.01701868811	147.839996337891	0.193797374569525
0.197237456496072	1877.78738911502	148.039993286133	0.193806247800354
0.197504753408235	1879.63481807613	148.240005493164	0.193809859425299
0.197769722013961	1881.47653899768	148.440002441406	0.193802159514249
0.198037037259246	1883.32704151857	148.639999389648	0.193810482751432
0.198302005864973	1885.03572121012	148.839996337891	0.193809951090907
0.198569321110258	1886.94198688681	149.039993286133	0.193805771139194
0.198838964661979	1888.85352152311	149.240005493164	0.193803277834663
0.199103933267706	1890.58525291292	149.440002441406	0.193814277707592
0.199371248512991	1892.42807153439	149.639999389648	0.193800087871514
0.199638563758276	1894.20458908083	149.839996337891	0.193808869436735
0.199903514030881	1895.8957055737	150.039993286133	0.193813727713945
0.200168482636607	1897.7128380171	150.240005493164	0.193800931195105
0.20043814452145	1899.58485545637	150.440002441406	0.193812554394166
0.200705459766735	1901.34490750405	150.639999389648	0.193812829390989
0.200970410039341	1903.17718820631	150.839996337891	0.193803131169691
0.201237725284625	1904.87247595886	151.039993286133	0.193797154572067
0.201502693890352	1906.71485550036	151.240005493164	0.193804157824498
0.201767662496079	1908.33615827848	151.440002441406	0.193816349350327
0.2020373060478	1910.28347793208	151.639999389648	0.193801407856265
0.202304621293085	1912.01169668216	151.839996337891	0.193803167835934
0.202569589898811	1913.86834632259	152.039993286133	0.193809364431017
0.202836905144096	1915.73355802237	152.240005493164	0.193801719519332
0.203101855416702	1917.4490434534	152.440002441406	0.193799904540298
0.203369170661986	1919.29427701469	152.639999389648	0.193814112709498
0.203634139267713	1921.02930150425	152.839996337891	0.193801444522509
0.203903801152556	1922.86092358656	153.039993286133	0.193799757875326
0.204171098064719	1924.71318242731	153.240005493164	0.193807292788282
0.204436066670446	1926.43986439751	153.440002441406	0.193793066285961
0.204701035276173	1928.32373699589	153.639999389648	0.193805184479304
0.204966003881899	1929.99443627029	153.839996337891	0.193798914551735
0.205235647433621	1931.87962610857	154.039993286133	0.193808392775575
0.205500616039348	1933.70466199137	154.240005493164	0.193804707818144
0.205767931284632	1935.44605314046	154.440002441406	0.193798107894387
0.206035246529917	1937.35012341732	154.639999389648	0.193801847851183
0.206300215135644	1939.08119618718	154.839996337891	0.193795137928696
0.206567512047807	1940.8473953544	155.039993286133	0.193798749553641
0.206834827293092	1942.73478059252	155.240005493164	0.193816642680271
0.207102142538377	1944.48451426098	155.440002441406	0.193790499648945
0.20736943945054	1946.33018690223	155.639999389648	0.193795504591127
0.207636754695825	1947.99803215685	155.839996337891	0.193806632795906
0.207899376661993	1949.68409923009	156.039993286133	0.193803186169056
0.208166691907278	1951.44766391752	156.240005493164	0.193805459476128
0.208436353792121	1953.33219513584	156.440002441406	0.193800821196376
0.208701304064726	1955.07578168477	156.639999389648	0.193797227904552
0.208966272670453	1956.92650374564	156.839996337891	0.193790737979525
0.209233587915738	1958.62135241822	157.039993286133	0.193810006090271
0.209498556521465	1960.29754019222	157.240005493164	0.193800087871514
0.209765853433628	1962.13135767436	157.440002441406	0.193800674531404
0.210033168678913	1963.83762242609	157.639999389648	0.193803919493917
0.210302830563756	1965.74871798242	157.839996337891	0.193804121158254
0.210567799169482	1967.36826444066	158.039993286133	0.193792516292315
0.210832749442087	1969.13139004812	158.240005493164	0.193802067848641
0.211100064687372	1970.84116743958	158.440002441406	0.193798804553006
0.211362686653541	1972.63700450458	158.639999389648	0.193807714450078
0.211632348538384	1974.45325878804	158.839996337891	0.19379588958668
0.211899645450547	1976.16369479946	159.039993286133	0.193791232973807
0.212164614056274	1977.97072840361	159.240005493164	0.193809126100437
0.212431929301559	1979.74263561041	159.440002441406	0.193813727713945
0.212696897907285	1981.42848314367	159.639999389648	0.193794679600657
0.212961866513012	1983.25220178657	159.839996337891	0.193804139491376
0.213229163425175	1985.00610671472	160.039993286133	0.193810042756514
0.213498825310018	1986.95167004846	160.240005493164	0.193802892839111
0.213766140555303	1988.55694640778	160.440002441406	0.193788703003033
0.21403110916103	1990.38264091053	160.639999389648	0.193808392775575
0.214298406073193	1992.09461370183	160.839996337891	0.193782708072287
0.21456337467892	1993.67881422274	161.039993286133	0.193804396155078
0.214830689924204	1995.62152353669	161.240005493164	0.193801426189387
0.215098005169489	1997.32295840878	161.440002441406	0.191175041529607
0.215365302081652	1998.99234044329	161.639999389648	0.198499526916526
0.215632617326937	2000.70936265421	161.839996337891	0.196585365695747
0.215895239293106	2002.42221360544	162.039993286133	0.194209613140643
0.216162554538391	2004.27074026648	162.240005493164	0.196587987332128
0.216429851450554	2006.01059463568	162.440002441406	0.19632265206397
0.216697166695839	2007.76647542368	162.639999389648	0.194745306952263
0.216964481941124	2009.42663677887	162.839996337891	0.196025508829928
0.217231797186408	2011.18822560645	163.039993286133	0.196440937364195
0.217496747459014	2012.93708111497	163.240005493164	0.195182203571862
0.217761716064741	2014.60141372985	163.440002441406	0.195620915170495
0.218031377949583	2016.36629565718	163.639999389648	0.196326703683833
0.218298693194868	2018.18233040065	163.839996337891	0.195546666028228
0.218563643467473	2019.88003309303	164.039993286133	0.195534309504304
0.218830958712758	2021.55797718689	164.240005493164	0.196113031152196
0.219095927318485	2023.22428566162	164.440002441406	0.195741565443399
0.21936324256377	2025.08796058152	164.639999389648	0.195536821141956
0.219630539475933	2026.75031733655	164.839996337891	0.195975514407468
0.219897854721218	2028.56020496049	165.039993286133	0.195829967755502
0.220162823326945	2030.12859860258	165.240005493164	0.195576384018256
0.220427791932671	2031.85001161317	165.440002441406	0.195849639194922
0.220695107177956	2033.66714405656	165.639999389648	0.195868558976359
0.220960057450561	2035.35321112981	165.839996337891	0.19567061626301
0.221229719335404	2037.15629301426	166.039993286133	0.195781696646467
0.221497034580689	2038.93281056071	166.240005493164	0.195812807953733
0.221764331492852	2040.66805459026	166.440002441406	0.195725560628288
0.222029300098579	2042.27025738982	166.639999389648	0.195805034710197
0.222294268704306	2043.93963942432	166.839996337891	0.195780009999285
0.22256158394959	2045.52383994522	167.039993286133	0.195720794016686
0.222828899194875	2047.30101611162	167.240005493164	0.195804686380887
0.223096196107038	2048.95195678751	167.440002441406	0.195799314776274
0.223363511352323	2050.66195371896	167.639999389648	0.195734048863565
0.22362847995805	2052.30389325552	167.839996337891	0.195784153284754
0.223893448563777	2053.90214433537	168.039993286133	0.195774051734782
0.22416074547594	2055.72322849847	168.240005493164	0.195754270296632
0.224428060721225	2057.46198516776	168.440002441406	0.195812862953098
0.224695375966509	2059.33575892689	168.639999389648	0.195759733566853
0.224960344572236	2060.92017898778	168.839996337891	0.195723268988095
0.2252276414844	2062.69647699425	169.039993286133	0.195824797815225
0.225492610090126	2064.36146822908	169.240005493164	0.195796124813125
0.225759925335411	2066.28815112424	169.440002441406	0.195714982417156
0.226029587220254	2067.86554590566	169.639999389648	0.195782539970058
0.226294537492859	2069.68223926909	169.839996337891	0.195797939792158
0.226561852738144	2071.3913580406	170.039993286133	0.195750200343648
0.22682682134387	2072.99707347989	170.240005493164	0.19578611492876
0.227091789949597	2074.72573130993	170.440002441406	0.195769688451853
0.227359105194882	2076.49610173685	170.639999389648	0.195739237136963
0.227628748746604	2078.33826173836	170.839996337891	0.195803568060473
0.22789371735233	2079.9472702774	171.039993286133	0.195782979964975
0.228161032597615	2081.71807978428	171.240005493164	0.195728933922653
0.228428329509778	2083.35804346099	171.440002441406	0.195774950057737
0.228693298115505	2085.04235421437	171.639999389648	0.195791413200887
0.22896061336079	2086.84346023897	171.839996337891	0.195752070322046
0.229227928606075	2088.53347903192	172.039993286133	0.195779863334312
0.229495225518238	2090.31372875809	172.240005493164	0.195764206848511
0.229760194123965	2091.98530619243	172.440002441406	0.195751978656439
0.230025162729691	2093.68783876444	172.639999389648	0.195790826540998
0.230292477974976	2095.30497028287	172.839996337891	0.195770201779257
0.230557446580703	2096.99630631572	173.039993286133	0.195735112184615
0.230827090132424	2098.74889400396	173.240005493164	0.195782063308898
0.231094405377709	2100.44066911678	173.440002441406	0.195783933287296
0.231359373983436	2102.13288330957	173.639999389648	0.195749723682488
0.23162668922872	2103.76977342651	173.839996337891	0.195762153538897
0.231891639501326	2105.47823357808	174.039993286133	0.195777920023428
0.232158954746611	2107.2005247486	174.240005493164	0.195767891805942
0.232423923352337	2108.93928141789	174.440002441406	0.195778378351467
0.23269358523718	2110.72721504348	174.639999389648	0.195764866840886
0.232960882149343	2112.39176719834	174.839996337891	0.19574785370409
0.23322585075507	2114.05083085362	175.039993286133	0.195773116745583
0.233490819360797	2115.84886331845	175.240005493164	0.195781109986578
0.233758134606081	2117.41484202073	175.440002441406	0.195756818600527
0.234025431518245	2119.14371939076	175.639999389648	0.195761658544615
0.23429274676353	2120.78741524719	175.839996337891	0.195762061873289
0.234557715369256	2122.37381116793	176.039993286133	0.195766773485527
0.234825030614541	2124.1606470936	176.240005493164	0.195773648406108
0.235089999220268	2125.67832699951	176.440002441406	0.195753151976217
0.235357296132431	2127.45155144621	176.639999389648	0.195757643590996
0.235624611377716	2129.01445658871	176.839996337891	0.195777736692213
0.235891926623001	2130.64168694638	177.039993286133	0.195768130136522
0.236159223535164	2132.33060803942	177.240005493164	0.195749522018151
0.236424192140891	2134.04126359082	177.440002441406	0.195767286812931
0.236691507386176	2135.64236869045	177.639999389648	0.1957681118034
0.236956475991902	2137.38441845949	177.839996337891	0.195765050172102
0.237226119543624	2138.9778396597	178.039993286133	0.195762263537626
0.237493434788909	2140.53174366289	178.240005493164	0.195751190332212
0.237758403394635	2142.28059917141	178.440002441406	0.195765508500141
0.238023372000362	2143.78027679867	178.639999389648	0.195775481718262
0.238288340606089	2145.48368753062	178.839996337891	0.195754783624035
0.238555637518252	2147.06700989159	179.039993286133	0.195757075264229
0.238825299403095	2148.7974240415	179.240005493164	0.195766993482986
0.23909261464838	2150.44704747749	179.440002441406	0.1957548386234
0.239357583254106	2152.04903073706	179.639999389648	0.195764866840886
0.23962488016627	2153.592835901	179.839996337891	0.195765068505223
0.239892195411554	2155.04114117212	180.039993286133	0.195744553742212
0.240157164017281	2156.83851501701	180.240005493164	0.195766901817378
0.240424479262566	2158.37749030131	180.440002441406	0.195771063435969
0.240691776174729	2159.98693792032	180.639999389648	0.19574950368503
0.240956744780456	2161.65610041484	180.839996337891	0.195750622005444
0.241221713386183	2163.24205725561	181.039993286133	0.195773721738594
0.241486681991909	2164.71780502467	181.240005493164	0.195761090217848
0.241756325543631	2166.38477211935	181.440002441406	0.195747065379864
0.242021294149357	2168.0455920945	181.639999389648	0.195752565316328
0.2422909560342	2169.70377758984	181.839996337891	0.195757221929201
0.242558271279485	2171.29478385024	182.039993286133	0.19575472862467
0.242823221552091	2172.85527405293	182.240005493164	0.195760045229919
0.243088190157817	2174.52707102725	182.440002441406	0.195755333617681
0.243355505403102	2176.13081060668	182.639999389648	0.195751043667239
0.243622820648387	2177.70052148868	182.839996337891	0.195765581832627
0.24389011756055	2179.28033120991	183.039993286133	0.195753665303621
0.244155086166277	2180.81579385448	183.240005493164	0.195761420214035
0.244422401411561	2182.29944506295	183.440002441406	0.195742262102018
0.244687370017288	2183.92535818072	183.639999389648	0.19576325352619
0.244954685262573	2185.70846192667	183.839996337891	0.195762190205141
0.245221982174736	2187.25753605022	184.039993286133	0.195749778681853
0.245486950780463	2188.85666529	184.240005493164	0.195742738763178
0.245754266025748	2190.45645314974	184.440002441406	0.195770605107931
0.246019234631474	2192.08500074731	184.639999389648	0.195760100229284
0.246286531543638	2193.76162760126	184.839996337891	0.195747872037212
0.246551500149365	2195.30477414526	185.039993286133	0.195756305273124
0.246823508673765	2196.8659229679	185.240005493164	0.195756763601162
0.247088477279492	2198.44156142944	185.440002441406	0.195755865278206
0.247353427552097	2200.11928598332	185.639999389648	0.195756598603069
0.247620742797382	2201.74476002112	185.839996337891	0.195758560247074
0.247885711403109	2203.23258248927	186.039993286133	0.195744755406549
0.248153026648394	2204.95180010003	186.240005493164	0.195753426973041
0.248420323560557	2206.44774554757	186.440002441406	0.195756818600527
0.2486899854454	2208.14391146006	186.639999389648	0.195752143654532
0.248952607411568	2209.61614658938	186.839996337891	0.195735717177626
0.249217576017295	2211.26730680525	187.039993286133	0.19575839524898
0.24948489126258	2212.85458088593	187.240005493164	0.195758945242626
0.249752188174743	2214.48817790312	187.440002441406	0.195748275365886
0.250019503420028	2216.15470591784	187.639999389648	0.195748312032129
0.250289165304871	2217.74044321863	187.839996337891	0.195752986978124
0.250554115577476	2219.28951734217	188.039993286133	0.195762446868842
0.250819084183203	2220.90335576085	188.240005493164	0.195748367031494
0.25108405278893	2222.43750116552	188.440002441406	0.195750732004173
0.251353714673772	2224.11829927916	188.639999389648	0.195746808716162
0.251621011585936	2225.62522172588	188.839996337891	0.195746937048013
0.25188832683122	2227.29745778017	189.039993286133	0.195757551925389
0.252153295436947	2228.90427091937	189.240005493164	0.195752601982571
0.252418264042674	2230.34291643122	189.440002441406	0.195743215424339
0.252685579287959	2232.09396733958	189.639999389648	0.19575709359735
0.252950529560564	2233.64699318283	189.839996337891	0.19575945857003
0.253220191445407	2235.28717639953	190.039993286133	0.195751556994643
0.253487506690692	2236.91594353709	190.240005493164	0.195746570385582
0.253752475296418	2238.42945218331	190.440002441406	0.195748220366521
0.254019772208582	2240.04153428212	190.639999389648	0.195753720302985
0.254284740814309	2241.5076222919	190.839996337891	0.19575175865898
0.254552056059593	2243.02705851768	191.039993286133	0.195747835370969
0.254819371304878	2244.65472795531	191.240005493164	0.195749265354449
0.255086668217041	2246.29205715223	191.440002441406	0.195755810278842
0.255353983462326	2247.85693815458	191.639999389648	0.195753371973676
0.255618952068053	2249.52632018909	191.839996337891	0.195749852014339
0.255886267313338	2251.08527361189	192.039993286133	0.195741437111548
0.256151217585943	2252.5590455211	192.240005493164	0.195753005311245
0.256420879470786	2254.22535399583	192.440002441406	0.195754783624035
0.256685848076513	2255.57464673439	192.639999389648	0.195742500432598
0.256950816682239	2257.13645417698	192.839996337891	0.195750163677405
0.257218113594402	2258.70221333928	193.039993286133	0.195750548672958
0.257483082200129	2260.28553570025	193.240005493164	0.195745452065167
0.257750397445414	2261.74284211069	193.440002441406	0.195750493673593
0.258020059330257	2263.41507816498	193.639999389648	0.19574477373967
0.25828735624242	2264.8633834361	193.839996337891	0.195746332055002
0.258552324848147	2266.37250128265	194.039993286133	0.19574501207025
0.258817293453874	2268.08776717371	194.240005493164	0.195755663613869
0.259084608699158	2269.68382285372	194.440002441406	0.19574536039956
0.259349577304885	2271.16879130209	194.639999389648	0.1957548386234
0.259619220856606	2272.66012640997	194.839996337891	0.195741730441493
0.259886536101891	2274.29416250713	195.039993286133	0.195758651912682
0.260151504707618	2275.66431154413	195.240005493164	0.195743802084228
0.260416473313345	2277.21075118787	195.440002441406	0.195744113747295
0.26068142358595	2278.58507148456	195.639999389648	0.195750163677405
0.260951085470793	2280.1980317433	195.839996337891	0.195754691958428
0.261218400716078	2281.89266087591	196.039993286133	0.195737788820361
0.261485697628241	2283.32296386838	196.240005493164	0.195743967082322
0.261753012873526	2284.83757021452	196.440002441406	0.195749778681853
0.262017981479252	2286.53000394729	196.639999389648	0.195750860336024
0.262282950084979	2287.95086672047	196.839996337891	0.195738668810195
0.262550265330264	2289.41827197016	197.039993286133	0.195750787003538
0.262819908881985	2291.01959660978	197.240005493164	0.195746332055002
0.263084877487712	2292.59677185121	197.440002441406	0.195751245331576
0.263349846093439	2293.91993933174	197.639999389648	0.195745232067709
0.263617161338724	2295.46132955586	197.839996337891	0.195747560374145
0.263882111611329	2296.9998657602	198.039993286133	0.195740410456742
0.264149426856613	2298.4764916892	198.240005493164	0.195754416961604
0.264416742101898	2300.10569790672	198.440002441406	0.195747725372239
0.264681710707625	2301.70175358673	198.639999389648	0.195745983725693
0.264949007619788	2303.21570131292	198.839996337891	0.19574039212362
0.265216322865073	2304.69232724191	199.039993286133	0.195742298768261
0.2654812914708	2306.16126927148	199.240005493164	0.195745030403372
0.265748606716085	2307.65304345934	199.440002441406	0.195740245458648
0.266018250267806	2309.13076708825	199.639999389648	0.195740942117267
0.266283218873533	2310.68532971138	199.839996337891	0.195747743705361
0.266548187479259	2312.03637876981	200.039993286133	0.195745342066438
0.266815502724544	2313.62101837069	200.240005493164	0.195742720430057
0.267080471330271	2314.96987202929	200.440002441406	0.195749082023234
0.267347768242434	2316.54397371095	200.639999389648	0.19574371041862
0.267617430127277	2318.21620976524	200.839996337891	0.195734507191604
0.267882398733004	2319.76594250874	201.039993286133	0.19574097878351
0.268147367338731	2321.18373172215	201.240005493164	0.195746240389394
0.268412317611336	2322.60152093557	201.440002441406	0.195741290446576
0.268681979496179	2324.02699404841	201.639999389648	0.195741308779698
0.268946948101906	2325.4197557037	201.839996337891	0.195749668683123
0.26921426334719	2326.90955403171	202.039993286133	0.195740923784145
0.269483906898911	2328.4074753391	202.240005493164	0.19573742215793
0.26974652886508	2329.85117027057	202.440002441406	0.195749943679946
0.270013844110365	2331.28827900253	202.639999389648	0.195750585339201
0.270278812716092	2332.86984504363	202.839996337891	0.195736340503758
0.270548456267813	2334.40508814822	203.039993286133	0.195742023771438
0.27081342487354	2335.90257037564	203.240005493164	0.195748385364615
0.271080740118824	2337.23934933515	203.440002441406	0.195731720557128
0.271348055364109	2338.62793973076	203.639999389648	0.195738210482156
0.271610677330278	2340.1159817389	203.839996337891	0.195744572075333
0.271880320881999	2341.6018283472	204.039993286133	0.195740300458013
0.272145289487726	2342.98668656309	204.240005493164	0.195734177195416
0.272414951372569	2344.55947100485	204.440002441406	0.195744737073427
0.272679901645174	2345.84817070797	204.639999389648	0.195739017139504
0.272944870250901	2347.28023002031	204.839996337891	0.195748367031494
0.273212185496186	2348.74280539036	205.039993286133	0.195731353894697
0.27347950074147	2350.37464608769	205.240005493164	0.195751355330306
0.273746797653634	2351.86663981553	205.440002441406	0.195739658798758
0.274014112898919	2353.19266131584	205.639999389648	0.195738522145222
0.274279081504645	2354.68597228358	205.839996337891	0.195736230505029
0.27454639674993	2356.14437639394	206.039993286133	0.195746973714256
0.274811365355657	2357.46732433449	206.240005493164	0.195734507191604
0.27507866226782	2358.91343420577	206.440002441406	0.195735772176991
0.275343630873547	2360.33868777863	206.639999389648	0.195736138839421
0.27561329275839	2361.96833307612	206.839996337891	0.195737220493593
0.275880589670553	2363.4012705484	207.039993286133	0.195734268861024
0.276143211636722	2364.95407685166	207.240005493164	0.195740337124256
0.276412873521565	2366.32071324892	207.440002441406	0.195739053805747
0.276677842127291	2367.70337606498	207.639999389648	0.195738797142046
0.276945157372576	2369.14663191648	207.839996337891	0.195732618880084
0.277214800924297	2370.64609000376	208.039993286133	0.195741730441493
0.277479769530024	2371.9876988429	208.240005493164	0.195725468962681
0.277744738135751	2373.45444547264	208.440002441406	0.195734360526631
0.278009706741478	2374.93063232166	208.639999389648	0.195736413836244
0.278277003653641	2376.40220883103	208.839996337891	0.195733168873731
0.278544318898926	2377.80924058526	209.039993286133	0.19573115223036
0.278811634144211	2379.18663444171	209.240005493164	0.195730235574283
0.279078949389495	2380.48038356445	209.440002441406	0.19573269221257
0.2793438996621	2382.09488060308	209.639999389648	0.195733443870554
0.279608868267827	2383.49027673818	209.839996337891	0.195737880485968
0.279876183513112	2384.93155672983	210.039993286133	0.195728787257681
0.280143498758397	2386.35724938265	210.240005493164	0.195735918841963
0.28041079567056	2387.80928683349	210.440002441406	0.195733242206217
0.280678110915845	2389.40929423321	210.639999389648	0.195729502249421
0.28094542616113	2390.78712716963	210.839996337891	0.195734672189698
0.281210394766856	2392.17396124537	211.039993286133	0.195732655546327
0.28147769167902	2393.67034577288	211.240005493164	0.19573126222909
0.281742660284746	2394.99219601351	211.440002441406	0.19573269221257
0.282012322169589	2396.33402439264	211.639999389648	0.195733370538068
0.282277290775316	2397.84358131915	211.839996337891	0.195731812222736
0.282542259381043	2399.16060168014	212.039993286133	0.195742133770167
0.282809556293206	2400.42778646488	212.240005493164	0.195717934049724
0.283074524898933	2401.82581707978	212.440002441406	0.195729153920112
0.283344186783776	2403.21682241521	212.639999389648	0.195743783751107
0.283611483695939	2404.72374486193	212.839996337891	0.195719254034476
0.283878798941224	2406.04691234246	213.039993286133	0.195729300585084
0.28414376754695	2407.3951073811	213.240005493164	0.195737385491687
0.284408736152677	2408.81070119469	213.440002441406	0.195730217241161
0.284676051397962	2410.24649268675	213.639999389648	0.195723268988095
0.284943348310125	2411.72970481525	213.839996337891	0.195737990484698
0.285213010194968	2413.09612167252	214.039993286133	0.195732508881355
0.285477978800695	2414.50095802691	214.240005493164	0.195727705603509
0.285740600766863	2415.78131521066	214.440002441406	0.195723012324393
0.286007897679027	2417.22896186183	214.639999389648	0.195738118816548
0.286275212924311	2418.53654200353	214.839996337891	0.195730987232267
0.286540181530038	2419.83885318563	215.039993286133	0.195728457261493
0.286809843414881	2420.17013902073	215.240005493164	0.195726953945526
0.28714983115398	-18.1983124155132	215.380004882813	0.196194998538635
