File Path: C:\Users\MTS\Desktop\SE171\Test Run 10 2-3-2017 3 06 06 PM\DAQ- Crosshead, … - (Timed).txt   
Test: MTS EM Tension (Extensometer-Crosshead) 171-2017-W
Test Run: Test Run 10
Date: 2/3/2017 1:25:13 PM


Crosshead 	Load 	Time 	Extensometer 
in	lbf	sec	in
0.000279034388875616	6.46289864648738	0.230000004172325	-0.000531120449737701
0.000541654976479449	12.6384331758277	0.430000007152557	-0.000498211565581024
0.000806620395394028	18.8566390743039	0.629999995231628	-0.000465770462478831
0.00107158585011548	25.0558461884271	0.829999983310699	-0.000431594086453909
0.00133889608243737	31.1990260126998	1.02999997138977	-0.000397635308826732
0.00160386153715883	37.3616711437904	1.23000001907349	-0.00036133579977634
0.00187117176948071	43.2198486208946	1.42999994754791	-0.000324186665124231
0.00213613722420217	49.2069646745558	1.62999999523163	-0.000288318682664329
0.00240110267892363	55.2217633480109	1.83000004291534	-0.000253085788896474
0.002668412768018	61.2227378631302	2.02999997138977	-0.000214815970576015
0.0029357231435674	67.2004891643703	2.23000001907349	-0.000175611932904507
0.0032030335191168	73.2590243189125	2.4300000667572	-0.000144891959008226
0.00346799897383825	78.986959700808	2.63000011444092	-0.000106509384828873
0.00373530906293263	84.7386465646678	2.82999992370605	-6.90621892482433E-05
0.00400027451765409	90.6048303905451	3.02999997138977	-3.14445126454889E-05
0.00426523997237555	96.366053522438	3.23000001907349	4.78930735839839E-07
0.00453255034792492	102.263549238462	3.4300000667572	4.0022054751652E-05
0.00479986043701929	108.125582386526	3.63000011444092	7.82597722059646E-05
0.00506482617819579	113.799771636212	3.82999992370605	0.000112156156348188
0.00533213626729016	119.67678838815	4.03000020980835	0.000151643811348793
0.00559710143555661	125.367141269121	4.23000001907349	0.000187366489497679
0.00586206717673307	131.18254961319	4.42999982833862	0.000227866950994871
0.00613172218665539	136.953336455614	4.63000011444092	0.000260443242965037
0.00639903227574976	142.693140717867	4.82999992370605	0.000297452569661908
0.00666634236484413	148.406682509595	5.03000020980835	0.00033421506164513
0.00693130810602063	154.071856898708	5.23000001907349	0.000374604324882623
0.00719627327428705	159.640255318847	5.42999982833862	0.000408625299056925
0.00746123901546354	165.154880164278	5.63000011444092	0.000438889200747835
0.00772854910455791	170.901641099759	5.82999992370605	0.000477081604598008
0.00799585919365228	176.524951958269	6.03000020980835	0.000511037195413043
0.00826316985565669	181.840275662433	6.23000001907349	0.000550709533338768
0.00852813502392315	187.314642363391	6.42999982833862	0.000585403712626776
0.00879310076509961	192.89619946129	6.63000011444092	0.000619743224787965
0.00906041085419398	198.304608118457	6.82999992370605	0.000652707036695531
0.00932537602246043	203.817819675244	7.03000020980835	0.000685999340902075
0.00959268668446484	209.278657224719	7.23000001907349	0.000728737857599752
0.00985999620064917	214.816251440923	7.42999982833862	0.000759257492013496
0.0101249625147357	220.192030968043	7.63000011444092	0.000797189794701716
0.01039227203092	225.705064148593	7.82999992370605	0.000836261615476122
0.0106572383450065	231.172254636342	8.02999973297119	0.000867282975864721
0.0109268933549289	236.635342470646	8.22999954223633	0.000903588357243106
0.0111918585231953	242.124610447984	8.43000030517578	0.000937590998295862
0.0114591691851997	247.456221274674	8.63000011444092	0.000976084466376453
0.0117241343534661	252.852349414012	8.82999992370605	0.00101080603792615
0.0119890995217326	258.214092103438	9.02999973297119	0.00104413128446047
0.012256410183737	263.560604206507	9.22999954223633	0.00108183413667432
0.0125237196999213	269.00964148187	9.43000030517578	0.00111551988685657
0.0127910303619257	274.414468893053	9.63000011444092	0.00114871723122261
0.0130559955301922	279.710980764882	9.82999992370605	0.00118475176937563
0.0133233061921966	284.964160932469	10.0299997329712	0.00122290972700915
0.013588271360463	290.30770924576	10.2299995422363	0.001255580781882
0.0138532365287295	295.635697662722	10.4300003051758	0.00129352303888231
0.0141228915386518	300.966704754457	10.6300001144409	0.00132722662088982
0.0143902022006562	306.281932409879	10.8299999237061	0.00136293710679674
0.0146551673689226	311.555996318394	11.0299997329712	0.00140078597945917
0.0149224780309271	316.775724080995	11.2299995422363	0.00143469452003648
0.0151874431991935	321.978053299904	11.4300003051758	0.00146808156924227
0.0154524083674599	327.144295634025	11.6300001144409	0.00150467777408395
0.0157197190294644	332.468716526254	11.8299999237061	0.00153961769597583
0.0159893740393867	337.586934488987	12.0299997329712	0.00157576889293745
0.0162543392076531	342.829302312386	12.2299995422363	0.00160774672665179
0.0165193043759195	347.963738791397	12.4300003051758	0.00164798463421588
0.016786615037924	353.154706816161	12.6300001144409	0.00168050472729099
0.0170515802061904	358.265570189443	12.8299999237061	0.00171609590468033
0.0173188908681948	363.377970342613	13.0299997329712	0.00174967358970472
0.0175862015301993	368.549783503816	13.2299995422363	0.00178905299156134
0.0178535110463835	373.647995885552	13.4300003051758	0.00182167706781023
0.01811847621465	378.773705650221	13.6300001144409	0.00185523584680302
0.0183834425287365	383.737943757028	13.8299999237061	0.00189086326075293
0.0186507520449208	388.757204072198	14.0299997329712	0.00192671167475399
0.0189157183590074	393.80879164994	14.2299995422363	0.00196356454329734
0.0191830278751917	398.855741445528	14.4300003051758	0.00199785492842188
0.019450337391376	403.811966342938	14.6300001144409	0.00203068009609774
0.0197153037054626	408.813251821961	14.8299999237061	0.00206515710667054
0.0199802700195491	413.764290087259	15.0299997329712	0.00210180086304624
0.0202475783899133	418.65278689976	15.2299995422363	0.00213626627219056
0.0205148890519177	423.588896446182	15.4300003051758	0.00216834064124805
0.0207821997139222	428.540154251466	15.6300001144409	0.00220297620467673
0.0210471660280087	433.504090490795	15.8299999237061	0.00223823180000525
0.0213144766900131	438.342422417068	16.0300006866455	0.00227061038429841
0.0215794407124594	443.19979943691	16.2299995422363	0.0023017181108768
0.0218467513744639	447.988487884412	16.4300003051758	0.00234030002194611
0.0221140620364683	452.755140006074	16.6299991607666	0.00237181838180166
0.0223813726984727	457.616633400605	16.8299999237061	0.0024115273501636
0.0226463367209191	462.353894606977	17.0300006866455	0.00243977353427794
0.0229136473829235	467.052599103746	17.2299995422363	0.00246998451340313
0.02317861369701	471.801084291772	17.4300003051758	0.00251128674460956
0.0234435777194563	476.484420989696	17.6299991607666	0.00254390652403309
0.0237132327293787	481.012707574278	17.8299999237061	0.00257524384431336
0.0239805433913831	485.69154370254	18.0300006866455	0.00260708274734096
0.0242455097054696	490.20852397797	18.2299995422363	0.00264028689501382
0.0245104737279159	494.711783004433	18.4300003051758	0.00267224181232622
0.0247777843899204	499.151814515647	18.6299991607666	0.00270341785842787
0.0250427507040069	503.575709838076	18.8299999237061	0.00273342058475049
0.0253100613660113	507.854983196377	19.0300006866455	0.00276375359371598
0.0255797163759336	512.121687890621	19.2299995422363	0.00279326189866685
0.02584468039838	516.363255256757	19.4300003051758	0.00282656859723837
0.0261096467124665	520.553724691733	19.6299991607666	0.00285661887509499
0.0263769573744709	524.813184566522	19.8299999237061	0.00288582239190014
0.0266419213969172	528.86062370225	20.0300006866455	0.00291311210268874
0.0269092320589217	533.01514346493	20.2299995422363	0.00294974139308572
0.0271765427209261	537.158356918458	20.4300003051758	0.00297512703732859
0.0274415090350126	541.122151320475	20.6299991607666	0.00300199565923164
0.0277064730574589	545.286989462379	20.8299999237061	0.0030349866843665
0.0279737837194634	549.144197202409	21.0300006866455	0.00306244053388396
0.0282410943814678	553.168255329895	21.2299995422363	0.00309221867946761
0.0285084050434722	557.061412742221	21.4300003051758	0.00312096730569436
0.0287757157054767	561.135525985945	21.6299991607666	0.00314715359172982
0.029040679727923	564.936970570167	21.8299999237061	0.00317545678039397
0.0293056460420095	568.805155309371	22.0300006866455	0.00320486282090121
0.0295729567040139	572.666479424092	22.2299995422363	0.00323448255685649
0.0298379207264603	576.372918080455	22.4300003051758	0.00326263764827314
0.0301052313884647	580.227875535655	22.6299991607666	0.00328919919039028
0.0303725420504691	584.01861754568	22.8299999237061	0.0033204648969145
0.0306375060729154	587.657383002132	23.0300006866455	0.00334077541749397
0.030902472387002	591.313656772268	23.2299995422363	0.00336713615463915
0.0311674387010885	594.983432251387	23.4300003051758	0.00339650409662817
0.0314347470714527	598.805129399087	23.6299991607666	0.003421320554738
0.0317044043730152	602.380008720341	23.8299999237061	0.00344983600657507
0.0319717127433795	606.119762569201	24.0300006866455	0.00347747175503287
0.032236679057466	609.613576751548	24.2299995422363	0.00350229795261352
0.0325039897194704	613.164745754584	24.4300003051758	0.00352589898205575
0.0327689537419168	616.665091251441	24.6299991607666	0.00355723601588099
0.0330339200560033	620.19694073593	24.8299999237061	0.0035852212394683
0.0333035750659256	623.731150275243	25.0300006866455	0.00360930551853632
0.03357088572793	627.316457745713	25.2299995422363	0.00363293691221111
0.0338358497503763	630.699514006386	25.4300003051758	0.00366128564722411
0.0341008160644629	634.089869971512	25.6299991607666	0.00368569505274457
0.0343681267264673	637.500588270108	25.8299999237061	0.00371104431719937
0.0346330930405538	640.975522013875	26.0300006866455	0.00373536263002215
0.0349004014109181	644.432453478997	26.2299995422363	0.00375947068485717
0.0351700564208404	647.828901678664	26.4300003051758	0.00378478929862439
0.0354350227349269	651.12759970068	26.6299991607666	0.00380848285303943
0.0356999890490134	654.398031949822	26.8299999237061	0.00383434458553248
0.0359672974193777	657.734820158975	27.0300006866455	0.00385778577307122
0.0362322637334642	660.956569416776	27.2299995422363	0.00388232723435783
0.0364995743954686	664.145277907061	27.4300003051758	0.00390628146284487
0.036766885057473	667.268343942281	27.6299991607666	0.003930177540962
0.0370341957194775	670.319510632905	27.8299999237061	0.00395136031709012
0.0372991597419238	673.34219201067	28.0300006866455	0.00397327326707484
0.0375664704039282	676.390340026523	28.2299995422363	0.00400020032580284
0.0378337810659326	679.396940100498	28.4300003051758	0.00401994968098992
0.038098745088379	682.346734203743	28.6299991607666	0.00404066324378839
0.0383660557503834	685.463653119425	28.8299999237061	0.00406574467279559
0.0386310220644699	688.424588876833	29.0300006866455	0.0040893537229785
0.0388959860869163	691.358466331276	29.2299995422363	0.00411101631127209
0.0391632967489207	694.284056151341	29.4300003051758	0.00413057517386811
0.0394306074109252	697.141808116506	29.6299991607666	0.00414774099119213
0.0397002647124878	700.033094814149	29.8299999237061	0.00417275510326862
0.0399652287349339	702.931516561258	30.0300006866455	0.00419412951780791
0.0402301927573803	705.675766354955	30.2299995422363	0.00421304758051484
0.0404975034193846	708.299488697714	30.4300003051758	0.00423549706075984
0.0407624674418311	711.083859423394	30.6299991607666	0.00425673082588224
0.0410297781038354	713.788537135068	30.8299999237061	0.0042794315271835
0.0412970887658398	716.370656650954	31.0300006866455	0.0042986432062902
0.0415643994278445	719.068144428167	31.2299995422363	0.00431610980138961
0.0418293634502905	721.75031929153	31.4300003051758	0.00433922901348114
0.0420943320560173	724.338201731984	31.6299991607666	0.00435961630400709
0.0423592960784638	727.131683366979	31.8299999237061	0.00438121816383559
0.0426266067404681	729.862541221684	32.0299987792969	0.00439728428032177
0.0428962594587504	732.625945878942	32.2299995422363	0.00441677324789189
0.0431635701207547	735.164925788071	32.4300003051758	0.00443593479736937
0.0434285387264815	737.761095862901	32.6300010681152	0.00445363370749339
0.0436958493884858	740.400021349515	32.8300018310547	0.00447554608456803
0.0439608134109323	743.162383191852	33.0299987792969	0.00449343691955827
0.0442281240729366	745.781385424965	33.2299995422363	0.00451073049582307
0.0444954347349409	748.597973643224	33.4300003051758	0.00452983761884595
0.0447650874532232	751.218567541219	33.6300010681152	0.00455273081792342
0.04503005605895	753.946351836154	33.8300018310547	0.00456916273747547
0.0452950200813961	756.730887216824	34.0299987792969	0.00458890378546689
0.0455623307434008	759.425027009287	34.2299995422363	0.00461356527140862
0.0458272947658468	762.169770767949	34.4300003051758	0.00463108486068752
0.0460946054278512	764.983065886456	34.6300010681152	0.00465271966284374
0.0463642627294138	766.189932060727	34.8300018310547	0.00460207011774331
0.0466292267518602	753.327413737683	35.0299987792969	0.00385000765979965
0.0468965374138646	756.130170936982	35.2299995422363	0.0038391888264464
0.0471638480758689	759.330899241364	35.4300003051758	0.00384427855931604
0.0474311587378736	762.315709971977	35.6300010681152	0.00385143191417987
0.0476961227603197	765.255405235982	35.8300018310547	0.00385674651424349
0.0479634334223244	768.132037639728	36.0299987792969	0.00386576211321952
0.0482307440843287	770.867011869122	36.2299995422363	0.00387978007628282
0.0484933614672169	773.847541570058	36.4300003051758	0.0038896538945113
0.0487606721292213	776.711385769764	36.6300010681152	0.00390245270499168
0.0490279827912256	779.528248413004	36.8300018310547	0.00391171064491817
0.0492952934532303	782.446264103638	37.0299987792969	0.00392423675021553
0.0495626041152346	785.3293180519	37.2299995422363	0.00393715930926634
0.0498275681376811	788.108419817979	37.4300003051758	0.00395097188407732
0.0500925367434075	790.874404070043	37.6300010681152	0.00396070648516406
0.0503575007658539	793.696974752851	37.8300018310547	0.00397281723067634
0.0506271534841362	796.51691095586	38.0299987792969	0.00398682602717886
0.0508944641461406	799.355178747489	38.2299995422363	0.00399688145789268
0.0511617748081449	802.236641030871	38.4300003051758	0.00401080345852287
0.0514267434138716	805.07918985218	38.6300010681152	0.00402272657599433
0.0516917074363181	807.867786722544	38.8300018310547	0.00403381181252004
0.0519590180983224	810.512914213693	39.0299987792969	0.00404767537632532
0.0522239821207689	813.33180760178	39.2299995422363	0.0040450786615311
0.0524936394223311	816.082149630018	39.4300003051758	0.00400101586325665
0.0527609500843358	818.84615802223	39.6300010681152	0.00351333048141481
0.053023567467224	821.620649448656	39.8300018310547	0.00320895884129197
0.0532908781292284	824.289597028014	40.0299987792969	0.00389770815042618
0.0535581887912327	826.973418441254	40.2299995422363	0.0186286571959957
0.0538231528136791	829.677053338005	40.4300003051758	0.151838680113277
0.0540904634756835	832.349239132121	40.6300010681152	0.0889900353128516
0.0543601207772461	834.840030014872	40.8300018310547	0.0374408289386825
0.0546250847996925	837.480162971396	41.0299987792969	0.0610921255085528
0.0548900488221386	840.187694702855	41.2299995422363	0.0535567725575933
0.0551573594841433	842.891988219557	41.4300003051758	0.111896326530754
0.0554223280898697	845.573833772944	41.6300010681152	0.246584884763703
0.055691980808152	848.1603440885	41.8300018310547	0.196904967003685
0.0559592914701563	850.864857145185	42.0299987792969	0.213432551075624
0.0562242554926028	853.415692213423	42.2299995422363	0.169363228501532
0.0564892240983295	856.189085939931	42.4300003051758	0.171748514279841
0.056754188120776	858.871809653253	42.6300010681152	0.186705426496314
0.0570238454223382	861.639659995176	42.8300018310547	0.185572659582134
0.0572888094447847	864.317608713858	43.0299987792969	0.192018310121429
0.057556120106789	867.124921367816	43.2299995422363	0.224834139363503
0.0578234307687933	869.745295725825	43.4300003051758	0.216777887430013
0.0580860481516819	872.394868901641	43.6300010681152	0.19695998470145
0.0583510167574087	875.139448005314	43.8300018310547	0.206706073780463
0.0586206694756906	877.77156775244	44.0299987792969	0.204212824249361
0.058885633498137	880.551547678453	44.2299995422363	0.205530755691172
0.0591529441601413	883.218190087985	44.4300003051758	0.205886271584222
0.0594179127658681	885.820891477322	44.6300010681152	0.20468251882341
0.0596828767883146	888.503505420655	44.8300018310547	0.205023423218586
0.0599501874503189	891.175855869757	45.0299987792969	0.204808742365265
0.0602174981123232	893.966538369964	45.2299995422363	0.20394649899264
0.0604848087743276	896.638888819067	45.4300003051758	0.204618701227303
0.0607521194363323	899.510032723225	45.6300010681152	0.205225747547985
0.0610170834587783	902.167015373483	45.8300018310547	0.204344107732763
0.0612843941207827	904.840518407498	46.0299987792969	0.203988445174741
0.0615517047827874	907.607655244477	46.2299995422363	0.204962832251872
0.0618190154447917	910.361400142459	46.4300003051758	0.204824013855514
0.0620886681630736	913.122554514886	46.6300010681152	0.204737683186146
0.0623559788250783	915.682939572406	46.8300018310547	0.205432343494704
0.0626186007912468	918.46023013362	47.0299987792969	0.204473392905917
0.0628859114532512	921.2033822274	47.2299995422363	0.204587296590092
0.0631532221152559	923.858718327782	47.4300003051758	0.204980615379773
0.0634205327772602	926.60176065157	47.6300010681152	0.204879581546924
0.0636878388559843	929.278062820376	47.8300018310547	0.204494915990613
0.0639551495179886	931.910347222491	48.0299987792969	0.204550263684566
0.0642201181237154	934.035384492738	48.2299995422363	0.205198504529365
0.0644850821461618	936.69324530293	48.4300003051758	0.204607261359457
0.0647523928081662	939.277999298618	48.6300010681152	0.204514789094371
0.0650197034701705	941.822138397359	48.8300018310547	0.20517179317127
0.0652870141321748	944.601295048433	49.0299987792969	0.204728938287168
0.0655543247941795	947.274194347494	49.2299995422363	0.204442941591026
0.0658192888166256	949.906259209626	49.4300003051758	0.205166604897873
0.0660865994786299	952.615053295989	49.6300010681152	0.20471711342377
0.0663539101406346	955.268742846494	49.8300018310547	0.204660684075646
0.066621220802639	957.921664007058	50.0299987792969	0.204742688128329
0.0668861848250854	960.621127644122	50.2299995422363	0.204681913830398
0.0671534954870898	963.244410906914	50.4300003051758	0.204734034894958
0.0674208061490941	965.868243019664	50.6300010681152	0.204796660838165
0.0676834281152626	968.507991781217	50.8300018310547	0.204721770036643
0.0679507341939866	971.270902473512	51.0299987792969	0.2047612962467
0.0682180448559913	973.898796075957	51.2299995422363	0.204749599715152
0.0684853555179957	976.641179779795	51.4300003051758	0.204743733116257
0.06875266618	979.246790073915	51.6300010681152	0.204751909688467
0.0690176302024465	981.927373272399	51.8300018310547	0.2047117784854
0.0692849408644508	984.528922076824	52.0299987792969	0.204840880327337
0.0695499094701776	987.164280038708	52.2299995422363	0.204809897351922
0.0698172201321819	989.879111474617	52.4300003051758	0.204818935580845
0.0700845307941862	992.514140126526	52.6300010681152	0.204808999028966
0.0703518368729102	995.198455504729	52.8300018310547	0.204737719852389
0.070616805478637	997.832496226712	53.0299987792969	0.20481614894637
0.0708817695010835	1000.38245313502	53.2299995422363	0.204800932455485
0.0711490801630878	1003.0856489518	53.4300003051758	0.204761131248606
0.0714140441855343	1005.69334487576	53.6300010681152	0.204797394163027
0.0716837014870969	1008.34857120615	53.8300018310547	0.204817432264878
0.0719510121491012	1010.84550920844	54.0299987792969	0.204793122545706
0.0722136295319894	1013.37922015797	54.2299995422363	0.204815342289022
0.0724809401939937	1015.9380684356	54.4300003051758	0.20480916402706
0.0727459087997205	1018.50460061266	54.6300010681152	0.204764137880539
0.0730132194617248	1020.9848535762	54.8300018310547	0.204783900985568
0.0732805255404492	1023.53964036415	55.0299987792969	0.204805020741591
0.0735501828420114	1026.00726977864	55.2299995422363	0.2047691244896
0.0738128048081803	1028.49290147178	55.4300003051758	0.204796972501231
0.0740777688306264	1030.98852223417	55.6300010681152	0.204809457357005
0.0743474215489087	1033.39413160332	55.8300018310547	0.204763111225733
0.0746123901546354	1035.98887466826	56.0299987792969	0.204778859377142
0.0748797008166398	1038.66528660706	56.2299995422363	0.204780399359352
0.0751470114786441	1041.11107179319	56.4300003051758	0.204771196132335
0.0754119755010906	1043.54697768007	56.6300010681152	0.204785184304076
0.075676939523537	1046.03282891319	56.8300018310547	0.204814443966066
0.0759442501855413	1048.46028251071	57.0299987792969	0.204772516117087
0.0762139074871039	1051.10453184192	57.2299995422363	0.204781554346009
0.07647887150955	1053.6614042597	57.4300003051758	0.204786724286286
0.0767461821715547	1056.0970906066	57.6300010681152	0.204766062858302
0.0770111461940008	1058.55319417196	57.8300018310547	0.204788740929656
0.0772761147997276	1061.15606021628	58.0299987792969	0.20477812605228
0.0775434208784516	1063.66606084759	58.2299995422363	0.204755117984738
0.0778107361237366	1066.17123159926	58.4300003051758	0.204800620792419
0.0780780422024606	1068.70406438885	58.6300010681152	0.204784927640374
0.0783453574477453	1071.31022353293	58.8300018310547	0.20475858294471
0.0786103168869114	1073.75282538931	59.0299987792969	0.204798072488524
0.0788752854926378	1076.36502188293	59.2299995422363	0.204799704136342
0.0791425915713618	1078.87699837409	59.4300003051758	0.204764339544876
0.0794099068166469	1081.53266378445	59.6300010681152	0.204792150890264
0.0796772128953709	1084.0859137925	59.8300018310547	0.204781994340927
0.0799445281406555	1086.69086546667	60.0299987792969	0.204771416129794
0.0802094875798217	1089.18615691909	60.2299995422363	0.204792242555872
0.0804744561855484	1091.77080114478	60.4300003051758	0.204770242810015
0.0807417622642724	1094.52932103741	60.6300010681152	0.204757959618578
0.0810090775095571	1097.16896002897	60.8300018310547	0.204787494277391
0.0812763835882811	1099.75107954486	61.0299987792969	0.204780087696286
0.0815436988335661	1102.39192600633	61.2299995422363	0.204760984583633
0.0818086582727319	1104.99995124027	61.4300003051758	0.204764871205401
0.0820736268784587	1107.50512199194	61.6300010681152	0.204780839354269
0.0823409421237433	1110.29097461251	61.8300018310547	0.204768446164103
0.0826082482024677	1112.84148037077	62.0299987792969	0.204774844423523
0.0828755542811917	1115.49231590149	62.2299995422363	0.204763166225097
0.0831428695264764	1117.92931948829	62.4300003051758	0.204776476071341
0.0834078381322031	1120.48663098604	62.6300010681152	0.204770646138689
0.0836727975713689	1123.16139637496	62.8300018310547	0.204771947790319
0.0839424594562118	1125.7468089906	63.0299987792969	0.204796349175098
0.084207418895378	1128.28809406955	63.2299995422363	0.204770279476258
0.0844747341406626	1131.01093871486	63.4300003051758	0.204751213029848
0.0847420402193866	1133.55398011368	63.6300010681152	0.204766796183164
0.0850070088251134	1136.13522146963	63.8300018310547	0.204780087696286
0.0852719682642795	1138.86300576457	64.0299987792969	0.204746684748826
0.0855392835095642	1141.47037237856	64.2300033569336	0.20476840949786
0.0858089362278465	1144.05073557458	64.4300003051758	0.204786119293275
0.0860739048335732	1146.7826911292	64.629997253418	0.204768244499766
0.0863412109122973	1149.37447040436	64.8300018310547	0.204752918010152
0.0866061795180236	1152.03364845445	65.0299987792969	0.204784872641009
0.0868711481237504	1154.61741452021	65.2300033569336	0.204763367889434
0.0871384542024744	1157.36539649363	65.4300003051758	0.2047591696046
0.0874057602811984	1160.05432221149	65.629997253418	0.204774514427335
0.0876730755264835	1162.667945715	65.8300018310547	0.204763496221285
0.0879403816052075	1165.17761703634	66.0299987792969	0.204760911251147
0.0882053502109343	1167.94294266845	66.2300033569336	0.204753706334379
0.088470318816661	1170.54493055284	66.4300003051758	0.204764137880539
0.088737624895385	1173.30257228553	66.629997253418	0.204779629368247
0.0890049401406697	1175.83782001494	66.8300018310547	0.2047570429625
0.089274592858952	1178.65232260336	67.0299987792969	0.204752698012694
0.0895395522981177	1181.26671449682	67.2300033569336	0.204776659402556
0.0898045209038445	1183.87561789069	67.4300003051758	0.204743953113715
0.0900694895095713	1186.38978978168	67.629997253418	0.204761552910401
0.0903367955882953	1189.11021948717	67.8300018310547	0.20476817116728
0.0906017641940221	1191.69991313249	68.0299987792969	0.204747821402362
0.0908690702727461	1194.41573249832	68.2300033569336	0.204687303768133
0.0911363855180307	1197.09840132665	68.4300003051758	0.204748023066699
0.0913990074841996	1199.62563584666	68.629997253418	0.204742761460815
0.0916663135629236	1202.32608741365	68.8300018310547	0.204701915266007
0.0919336288082083	1204.95233446622	69.0299987792969	0.20475608964018
0.0921985882473744	1207.68407048086	69.2300033569336	0.204764541209213
0.0924659034926591	1210.19560789205	69.4300003051758	0.20474116647924
0.0927332095713831	1212.89199796935	69.629997253418	0.204773102776976
0.0929981781771098	1215.5650070384	69.8300018310547	0.204773781102473
0.093263137616276	1218.24295575708	70.0299987792969	0.204738288179157
0.0935327995011185	1220.93429641476	70.2300033569336	0.204751671357887
0.0937977589402847	1223.52486822001	70.4300003051758	0.204754952986644
0.0940650741855693	1226.18338765015	70.629997253418	0.204730038274461
0.0943347269038516	1228.84124846034	70.8300018310547	0.204740304822528
0.0945973488700201	1231.39263237854	71.0299987792969	0.204757006296257
0.0948646549487441	1234.02930758033	71.2300033569336	0.204751763023495
0.0951319701940291	1236.64512648368	71.4300003051758	0.204738984837776
0.0953992762727531	1239.34700506056	71.629997253418	0.204756144639545
0.0956642448784799	1241.78433795733	71.8300018310547	0.204754219661782
0.0959315509572039	1243.70498350294	72.0299987792969	0.204730239938798
0.0961988662024886	1246.16185545825	72.2300033569336	0.204754237994904
0.0964638256416547	1248.89886043249	72.4300003051758	0.204728883287804
0.0967334875264976	1251.48471212809	72.629997253418	0.204737738185511
0.0970007936052217	1254.14476833812	72.8300018310547	0.204725344995345
0.0972681088505063	1256.74302404279	73.0299987792969	0.204696103666476
0.0975330682896724	1259.43480378044	73.2300033569336	0.20471557344156
0.0977980368953992	1261.94689004159	73.4300003051758	0.204761314579821
0.0980653429741232	1264.52791185755	73.629997253418	0.204727673301781
0.0983326582194079	1267.06623314673	73.8300018310547	0.204759701265125
0.0985999642981319	1269.64736473269	74.0299987792969	0.204760837918661
0.0988672795434165	1272.22454459895	74.2300033569336	0.204724593337361
0.0991345856221406	1274.97164841243	74.4300003051758	0.204738343178522
0.0993995542278673	1277.30546820699	74.629997253418	0.204738508176616
0.0996645228335941	1279.87211015404	74.8300018310547	0.204700613614377
0.0999318289123181	1282.29550226185	75.0299987792969	0.204719221732748
0.100199134991042	1284.83009137131	75.2300033569336	0.204746648082583
0.100466450236327	1287.53175040821	75.4300003051758	0.204716948425676
0.100733756315051	1289.95964308569	75.629997253418	0.204723841679378
0.10099637828122	1292.5002695447	75.8300018310547	0.204743623117528
0.101261346886946	1295.03639543404	76.0299987792969	0.204734621554848
0.101530999605229	1297.56395926403	76.2300033569336	0.204720560050621
0.101798314850513	1300.08416850457	76.4300003051758	0.204735153215373
0.10206327428968	1302.74126092482	76.629997253418	0.2047229250233
0.102330589534964	1305.29429139289	76.8300018310547	0.204720450051891
0.10259554897413	1307.92514878511	77.0299987792969	0.204731321592969
0.102862864219415	1310.5165987503	77.2300033569336	0.204719111734019
0.103130170298139	1313.14196764293	77.4300003051758	0.204714436788024
0.103397485543424	1315.71157337976	77.629997253418	0.204740011492583
0.10366244498259	1318.36405546036	77.8300018310547	0.204733209904489
0.103932106867433	1321.01884271078	78.0299987792969	0.204704151906836
0.104194719667041	1323.56879961908	78.2300033569336	0.204740964814903
0.104462034912325	1326.08055657026	78.4300003051758	0.204727856632997
0.104729340991049	1328.70307144311	78.629997253418	0.204703271917002
0.104996656236334	1331.22470769354	78.8300018310547	0.204707781864902
0.105261624842061	1333.76116289286	79.0299987792969	0.204724721669212
0.105528930920785	1336.5009121169	79.2300033569336	0.204719386730842
0.105796236999509	1322.94420836604	79.4300003051758	0.204713281801367
0.106058858965678	1324.25870401722	79.629997253418	0.204706443547029
0.10632852085052	1326.63533410855	79.8300018310547	0.204718928402803
0.106595826929244	1329.18562032683	80.0299987792969	0.20472659164761
0.106863133007969	1331.77487489218	80.2300033569336	0.204716966758798
0.107128101613695	1334.36489784747	80.4300003051758	0.20472255836087
0.107393070219422	1336.82176980278	80.629997253418	0.204728039964212
0.107660376298146	1339.35108995263	80.8300018310547	0.204713740129405
0.107927691543431	1341.89039917173	81.0299987792969	0.204709450178963
0.108194997622155	1344.2839338418	81.2300033569336	0.204757079628744
0.10846231286744	1346.84772176906	81.4300003051758	0.204680813843106
0.108729618946164	1349.30294717449	81.629997253418	0.204662242390978
0.108994587551891	1351.74006053127	81.8300018310547	0.204755337982196
0.109259546991056	1354.1433647306	82.0299987792969	0.204729469947693
0.109526862236341	1356.64304698269	82.2300033569336	0.204667247333161
0.109794168315065	1359.19991940047	82.4300003051758	0.204745144766616
0.11006148356035	1361.64328964679	82.629997253418	0.20474756473866
0.110328789639074	1364.22222583291	82.8300018310547	0.204670877291227
0.110591411605243	1366.67778054831	83.0299987792969	0.204721293375483
0.110858717683967	1369.27801211284	83.2300033569336	0.204733924896229
0.111128379568809	1371.73850647787	83.4300003051758	0.204683288814515
0.111393339007976	1374.20811175221	83.629997253418	0.204704463569902
0.11166065425326	1376.68232736621	83.8300018310547	0.204748591393467
0.111927960331984	1379.21131820609	84.0299987792969	0.204698981966559
0.112192928937711	1381.700023459	84.2300033569336	0.204691612051697
0.112457897543438	1384.20047410102	84.4300003051758	0.204742449797748
0.11272755026172	1386.64263687743	84.629997253418	0.20468737710062
0.112992518867447	1389.02025489869	84.8300018310547	0.204687450433106
0.113259824946171	1391.36318560256	85.0299987792969	0.204737554854295
0.113527131024895	1393.65847613001	85.2300033569336	0.20469377536004
0.113792099630622	1395.77078008121	85.4300003051758	0.204694802014846
0.114057068236348	1397.91239262021	85.629997253418	0.204732219915925
0.11432672095463	1400.19341304873	85.8300018310547	0.204703785244405
0.114594027033354	1402.43107433051	86.0299987792969	0.20469401369062
0.114858995639081	1404.59639718773	86.2300033569336	0.204718323409792
0.115126310884366	1406.67587991141	86.4300003051758	0.204724538337996
0.115391270323532	1408.55975250978	86.629997253418	0.204696176998963
0.115656238929259	1410.67260531095	86.8300018310547	0.204701530270454
0.115925891647541	1412.70236222836	87.0299987792969	0.204715426776587
0.116193206892826	1414.88349196439	87.2300033569336	0.20470147527109
0.116458166331991	1416.83926390736	87.4300003051758	0.204711411822969
0.116725481577276	1418.89229206302	87.629997253418	0.20470099860993
0.116990441016442	1420.76881007195	87.8300018310547	0.204704536902388
0.117257756261727	1422.29011238759	88.0299987792969	0.204705141895399
0.117522715700893	1423.66454245426	88.2300033569336	0.204683912140647
0.117792377585736	1424.98068465532	88.4300003051758	0.204717608418052
0.11805968366446	1426.14512472778	88.629997253418	0.204700613614377
0.118324652270187	1427.00198928337	88.8300018310547	0.204725491660317
0.118589611709352	1427.52603122397	89.0299987792969	0.204744503107362
0.118856926954637	1427.90199344571	89.2300033569336	0.204654744144265
0.119124233033361	1428.66401672842	89.4300003051758	0.204658374102331
0.119391548278646	1428.67422533765	89.629997253418	0.204714730117969
0.11965885435737	1428.02526514644	89.8300018310547	0.204666184012111
0.119926169602655	1427.92592330391	90.0299987792969	0.204650637525039
0.120188791568824	1428.0830041621	90.2300033569336	0.204741148146119
0.120456097647548	1428.73328159321	90.4300003051758	0.204698468639156
0.120723403726272	1429.52724794353	90.629997253418	0.204632267737248
0.120990718971557	1430.7235213136	90.8300018310547	0.20473949816518
0.121258025050281	1431.89882861524	91.0299987792969	0.204711540154819
0.121525340295565	1433.30739714935	91.2300033569336	0.20463573269722
0.121790308901292	1434.77414377908	91.4300003051758	0.204720541717499
0.122057614980016	1436.30598401393	91.629997253418	0.204708166860455
0.12232492105874	1437.67283995117	91.8300018310547	0.204645265920425
0.122592236304025	1439.23003705411	92.0299987792969	0.204709248514626
0.122857204909752	1440.76110889901	92.2300033569336	0.204728718289709
0.123124510988476	1442.13180678596	92.4300003051758	0.204649720868961
0.123389479594202	1443.41853062923	92.629997253418	0.204704261905565
0.123654439033369	1444.25146532662	92.8300018310547	0.204725491660317
0.123924100918211	1444.69515563326	93.0299987792969	0.204668017324265
0.124191406996935	1444.92797778576	93.2300033569336	0.204667870659293
0.124456375602662	1445.13313790033	93.4300003051758	0.204708570189129
0.124723681681386	1445.29340208829	93.629997253418	0.204678265539211
0.124990996926671	1445.58791497615	93.8300018310547	0.204669868969542
0.125255956365837	1445.9782570668	94.0299987792969	0.204721715037278
0.125523271611122	1446.45970825061	94.2300033569336	0.20470407857435
0.125790577689846	1446.72557117062	94.4300003051758	0.204652562502801
0.126060230408128	1438.57064871368	94.629997253418	0.204703565246946
0.126325199013855	1434.01069348648	94.8300018310547	0.204699770290786
0.126590167619582	1432.31749136377	95.0299987792969	0.204649739202083
0.126857473698305	1432.0309916853	95.2300033569336	0.204692070379736
0.12712478894359	1432.39872115766	95.4300003051758	0.204705691889046
0.127392095022314	1433.0779778666	95.629997253418	0.204674030588133
0.127659410267599	1434.0942284502	95.8300018310547	0.204681015507443
0.127924369706765	1435.29906387962	96.0299987792969	0.204695590339073
0.128189338312492	1436.50510677896	96.2300033569336	0.204689522075841
0.128456644391216	1437.65406928258	96.4300003051758	0.204668603984155
0.128726306276059	1439.13190268148	96.629997253418	0.204707140205648
0.128993612354783	1440.51709020735	96.8300018310547	0.204697496983714
0.129260918433507	1441.84881974724	97.0299987792969	0.20465633912584
0.129528233678791	1443.21984694417	97.2300033569336	0.204697973644874
0.12979085564496	1444.69537517324	97.4300003051758	0.20469780864678
0.130058161723684	1446.20811542952	97.629997253418	0.204651994176033
0.130325476968969	1447.66871493972	97.8300018310547	0.20468074051062
0.130592783047693	1449.09583460243	98.0299987792969	0.204703180251394
0.13085775165342	1450.62273518765	98.2300033569336	0.204696396996421
0.131125057732144	1452.15248979265	98.4300003051758	0.20465254416968
0.13139002633787	1453.64481283046	98.629997253418	0.204709046850289
0.131657332416594	1455.09728936127	98.8300018310547	0.204682225493465
0.131926994301437	1456.77929494482	99.0299987792969	0.204584509955617
0.132194300380161	1458.30410990019	99.2300033569336	0.204661014071834
0.132459268985888	1459.95955114574	99.4300003051758	0.204712988471422
0.132726575064612	1461.64133718931	99.629997253418	0.204694325353686
0.132991543670339	1463.21609749093	99.8300018310547	0.204696653660123
0.133258849749063	1464.74870611571	100.029998779297	0.204725436660952
0.133526164994348	1466.43641973883	100.230003356934	0.204631992740424
0.133793471073072	1468.07737134547	100.430000305176	0.204634889373629
0.134058439678798	1469.73292236102	100.629997253418	0.204683637143824
0.134325745757522	1471.38496073682	100.830001831055	0.204659125760315
0.134590714363249	1472.94051128988	101.029998779297	0.204622917845259
0.134855682968976	1474.59792839528	101.230003356934	0.204686515443907
0.135125335687258	1476.45282171584	101.430000305176	0.204667558996227
0.135392641765982	1478.16117209741	101.629997253418	0.20463241440222
0.135657610371709	1479.76941224651	101.830001831055	0.204676230562719
0.135924916450433	1481.55372346237	102.029998779297	0.204674507249293
0.136189885056159	1483.31937377964	102.230003356934	0.204626327805867
0.136457200301444	1485.09654994604	102.430000305176	0.204666660673271
0.13672215974061	1486.73530615284	102.629997253418	0.20467269227026
0.136991812458893	1488.56736731511	102.830001831055	0.204637657674983
0.137259127704177	1490.38647561836	103.029998779297	0.204665047358575
0.137524096309904	1492.1285253874	103.230003356934	0.204666129012746
0.13778905574907	1493.87079469642	103.430000305176	0.204655165806061
0.138054024354797	1495.6163571052	103.629997253418	0.204655404136641
0.138323677073079	1497.43502632848	103.830001831055	0.204670107300122
0.138588645678806	1499.21483697468	104.029998779297	0.204653644156972
0.13885595175753	1500.97949936202	104.230003356934	0.204640407643215
0.139123267002815	1502.82934326295	104.430000305176	0.204656650788906
0.13938822644198	1504.58741945079	104.629997253418	0.204671482284238
0.139655541687265	1506.42804267241	104.830001831055	0.204646457573326
0.139922847765989	1508.26427509437	105.029998779297	0.20465195750979
0.140190163011274	1510.13058449407	105.230003356934	0.204678540536034
0.14045512245044	1512.05408405947	105.430000305176	0.204648969210978
0.140722437695725	1513.81347748721	105.629997253418	0.204645009256723
0.140987397134891	1515.66628517792	105.830001831055	0.204673773924432
0.141252365740617	1517.60098128248	106.029998779297	0.204651444182387
0.1415220184589	1519.51240614878	106.230003356934	0.204636612687055
0.141789333704184	1521.3105483836	106.430000305176	0.20466403903689
0.142054302309911	1523.06291653187	106.629997253418	0.204656797453878
0.142321608388635	1524.936690291	106.830001831055	0.20464378093758
0.142586576994362	1526.71595208725	107.029998779297	0.204659345757774
0.142853883073086	1528.61793673426	107.230003356934	0.204656742454514
0.143121198318371	1530.52387310098	107.430000305176	0.20464651257269
0.143390851036653	1532.35944690299	107.629997253418	0.204647410895646
0.143655810475819	1534.14353857887	107.830001831055	0.20466700900258
0.143920779081546	1536.03344852679	108.029998779297	0.204652782500259
0.14418809432683	1537.86035049945	108.230003356934	0.204642882614624
0.144453053765996	1539.6847277623	108.430000305176	0.204657860774928
0.144722706484278	1541.63786522547	108.629997253418	0.204659235759044
0.144990021729563	1543.49012406623	108.830001831055	0.204647942556171
0.14525499033529	1545.20692673716	109.029998779297	0.204656302459596
0.145519949774456	1547.20078886727	109.230003356934	0.204653295827663
0.145784918380183	1548.91023694876	109.430000305176	0.204636851017635
0.146052224458907	1550.82835778457	109.629997253418	0.204664002370646
0.146319539704191	1552.76481020899	109.830001831055	0.204641874292939
0.146586845782915	1554.66756324595	110.029998779297	0.204634009383795
0.1468541610282	1556.39270843626	110.230003356934	0.204650692524403
0.147121467106924	1558.34837060924	110.430000305176	0.204657127450066
0.147386435712651	1560.17417488198	110.629997253418	0.204633606055121
0.147651395151817	1562.03850842183	110.830001831055	0.204649629203353
0.14792105703666	1564.00262288417	111.029998779297	0.204652709167773
0.148186016475826	1565.7767254908	111.230003356934	0.204645394252276
0.148453331721111	1567.74896293254	111.430000305176	0.204640425976337
0.148720637799835	1569.71735842456	111.629997253418	0.204642772615895
0.148983259766003	1571.47883748214	111.830001831055	0.204617784571225
0.149250575011288	1573.37873649931	112.029998779297	0.204636741018906
0.14952022772957	1575.22550684048	112.230003356934	0.204655000807967
0.149785196335297	1577.16931385435	112.430000305176	0.204625796145341
0.150052502414021	1578.96899286906	112.629997253418	0.204627152796336
0.150319808492745	1580.85495109728	112.830001831055	0.204660665742525
0.150584777098472	1582.87438963547	113.029998779297	0.204641067635591
0.150849745704198	1584.61940319428	113.230003356934	0.204620296208877
0.151119398422481	1586.69197040847	113.430000305176	0.204648089221143
0.151386704501205	1588.50515113217	113.629997253418	0.204648455883574
0.151651673106932	1590.42755299765	113.830001831055	0.204611789640479
0.151918988352216	1592.25533313024	114.029998779297	0.204637346011917
0.152183947791382	1594.21110507321	114.230003356934	0.20465753077874
0.152451263036667	1596.06446161389	114.430000305176	0.204636026027165
0.152718569115391	1597.91265896495	114.629997253418	0.204624494493712
0.152985884360676	1599.78116376448	114.830001831055	0.204659034094707
0.153250843799842	1601.66426797291	115.029998779297	0.204636136025894
0.153515812405569	1603.4908406356	115.230003356934	0.204608563011087
0.153783118484293	1605.33080523728	115.430000305176	0.204654267483105
0.154048087090019	1607.27603926104	115.629997253418	0.204612614630949
0.154317748974862	1609.19064745711	115.830001831055	0.204598149798048
0.154585045887025	1611.12633149159	116.029998779297	0.204647759224956
0.15485236113231	1612.93270647579	116.230003356934	0.204657494112497
0.155117329738037	1614.70889471227	116.430000305176	0.204613311289568
0.155382298343763	1616.60110983002	116.629997253418	0.204645027589845
0.155649595255927	1618.35468544819	116.830001831055	0.204651554181116
0.155916910501212	1620.42253255274	117.029998779297	0.204599213119098
0.156184225746496	1622.31639422036	117.230003356934	0.204633881051944
0.156451540991781	1624.28907074207	117.430000305176	0.204651774178574
0.156716491264387	1626.11674110467	117.629997253418	0.204593768181998
0.156981459870113	1628.03420332052	117.830001831055	0.204624347828739
0.15724642847584	1629.84024899475	118.029998779297	0.204669465640868
0.157516090360683	1631.73323250244	118.230003356934	0.204600606436335
0.157781058966409	1633.59526087246	118.430000305176	0.204623211175203
0.158048355878573	1635.41535710563	118.629997253418	0.204650124197635
0.158315671123857	1637.35345607994	118.830001831055	0.204593383186445
0.158580639729584	1639.15950175416	119.029998779297	0.204605684711004
0.158847954974869	1641.12844609615	119.230003356934	0.204634156048767
0.159117598526591	1643.11517317679	119.430000305176	0.204607353025065
0.159382567132317	1645.05360146107	119.629997253418	0.2046380976699
0.159649882377602	1646.93736428945	119.830001831055	0.20464675090327
0.159914850983329	1648.70916172626	120.029998779297	0.204615401265424
0.160182147895492	1650.74319967334	120.230003356934	0.204603961397578
0.160447116501219	1652.49260403183	120.430000305176	0.204658612432912
0.160716778386061	1654.52795921882	120.629997253418	0.204603044741501
0.160981746991788	1656.39075597878	120.830001831055	0.204601999753573
0.161246697264393	1658.26551766784	121.029998779297	0.204635549366005
0.161514012509678	1660.14499946655	121.230003356934	0.204610689653186
0.161781327754963	1662.09923462964	121.430000305176	0.204604383059374
0.162048643000248	1664.04951807303	121.629997253418	0.204628912776005
0.162315939912411	1666.02669516439	121.830001831055	0.204622477850341
0.162585601797254	1667.974014818	122.029998779297	0.204612761295921
0.162848223763423	1669.76798579313	122.230003356934	0.204623431172662
0.163115539008707	1671.65668827115	122.430000305176	0.204614741273048
0.163382835920871	1673.55966084809	122.629997253418	0.204627464459402
0.163647804526598	1675.35648584301	122.830001831055	0.204621322863684
0.163915119771882	1677.31906352547	123.029998779297	0.204616391253988
0.164182435017167	1679.2899837273	123.230003356934	0.204627372793794
0.16444973192933	1681.0712213834	123.430000305176	0.20460634470338
0.164714700535057	1682.96782730082	123.629997253418	0.20460907633849
0.164979669140784	1684.82337924133	123.830001831055	0.204635604365369
0.165246984386068	1686.6248145759	124.029998779297	0.204618242899264
0.165514281298232	1688.52910439274	124.230003356934	0.204608324680507
0.165781596543517	1690.51209929367	124.430000305176	0.204616702917054
0.166048911788802	1692.31375416823	124.629997253418	0.204611899639209
0.166313880394528	1694.18006356792	124.830001831055	0.204616702917054
0.166578849000255	1696.05669134685	125.029998779297	0.204616446253352
0.166846145912418	1697.90137605817	125.230003356934	0.204623669503242
0.167113461157703	1699.90303185769	125.430000305176	0.204620461206971
0.167380776402988	1701.69403904305	125.629997253418	0.204600826433794
0.167645745008715	1703.73609019954	125.830001831055	0.204610542988214
0.167913041920878	1705.56156516231	126.029998779297	0.204631607744872
0.168178010526605	1707.41140906324	126.230003356934	0.204607023028877
0.168445325771889	1709.27266904332	126.430000305176	0.204589038236639
0.168712641017174	1711.14732096239	126.629997253418	0.204598388128628
0.168979937929337	1713.08102913702	126.830001831055	0.20456962346092
0.169244906535064	1715.03021488049	127.029998779297	0.204580201672053
0.169512221780349	1716.9508604261	127.230003356934	0.204628674445424
0.169777190386076	1718.78862962795	127.430000305176	0.204608544677965
0.170042158991802	1720.62771606969	127.629997253418	0.204603044741501
0.170314149183082	1722.55319149494	127.830001831055	0.204638830994762
0.170579117788809	1724.44935833239	128.029998779297	0.204620149543905
0.170844086394535	1726.29239649384	128.229995727539	0.2045985347936
0.171111383306698	1728.14180131481	128.429992675781	0.204616116257165
0.171376351912425	1729.98648602613	128.630004882813	0.204612596297827
0.17164366715771	1731.94225796911	128.830001831055	0.204579505013434
0.171910982402995	1733.77464844135	129.029998779297	0.204606436368987
0.172178279315158	1735.55006828788	129.229995727539	0.204613879616335
0.172443247920885	1737.49892472138	129.429992675781	0.204592649861583
0.172708216526611	1739.30376292569	129.630004882813	0.204610322990756
0.172975531771896	1741.1247373188	129.830001831055	0.204608453012357
0.173240500377623	1743.01190301693	130.029998779297	0.204603356404567
0.173510143929344	1745.05878405305	130.229995727539	0.204621579527385
0.173777459174629	1746.98876004797	130.429992675781	0.204597434806307
0.174044774419914	1748.75462990521	130.630004882813	0.204587498254429
0.174309743025641	1750.53981928101	130.830001831055	0.204609039672247
0.174574693298246	1752.38055227263	131.029998779297	0.204597746469374
0.174842008543531	1754.23742145304	131.229995727539	0.204592319865396
0.175109323788816	1756.18046007697	131.429992675781	0.20461879289291
0.1753766390341	1758.03238960775	131.630004882813	0.204603649734512
0.175643935946264	1759.83086115255	131.830001831055	0.204593181522108
0.175908904551991	1761.68322976329	132.029998779297	0.204620369541363
0.176173873157717	1763.51232713579	132.229995727539	0.204594098178186
0.176441188403002	1765.51200707546	132.429992675781	0.204592631528462
0.176708485315165	1767.37063257573	132.630004882813	0.204602898076529
0.17697580056045	1769.20796269761	132.830001831055	0.204584454956252
0.177243115805735	1771.00204344274	133.029998779297	0.204560640231361
0.17751043105102	1772.90117406997	133.229995727539	0.204591329876832
0.177775381323625	1774.82983282498	133.429992675781	0.204605391381059
0.178042696568909	1776.72896345221	133.630004882813	0.204596426484622
0.178310011814195	1778.65476818743	133.830001831055	0.204590449886998
0.178574980419921	1780.48134085012	134.029998779297	0.204615382932302
0.178842277332084	1782.47410528031	134.229995727539	0.204607664688131
0.179107245937811	1784.25874580615	134.429992675781	0.2045786250236
0.179374561183096	1786.00299097502	134.630004882813	0.204595546494788
0.179639529788823	1787.95821406804	134.830001831055	0.204612541298463
0.179909173340544	1789.73912241415	135.029998779297	0.204563830194511
0.180176488585829	1791.56668300677	135.229995727539	0.204588506576114
0.180441457191556	1793.50533083103	135.429992675781	0.204609296335949
0.18070877243684	1795.37427471053	135.630004882813	0.20457424340755
0.180973741042567	1797.1850404944	135.830001831055	0.204590669884456
0.18124103795473	1799.14992334669	136.029998779297	0.204614062947551
0.181510699839573	1801.00964654688	136.229995727539	0.20458810324744
0.1817756684453	1802.83753644947	136.429992675781	0.204587809917495
0.182040637051027	1804.67332979146	136.630004882813	0.204610634653822
0.18230793396319	1806.45950709718	136.830001831055	0.204586581598351
0.182575249208475	1808.33624464609	137.029998779297	0.204584326624401
0.182840217814202	1810.17862418759	137.229995727539	0.204599286451584
0.183107533059486	1811.90047627815	137.429992675781	0.204590908215037
0.18337482997165	1813.73484261025	137.630004882813	0.204584913284291
0.183639798577376	1815.63386346749	137.830001831055	0.204585903272854
0.183907113822661	1817.55000844344	138.029998779297	0.204493834336442
0.184172082428388	1819.38953396515	138.229995727539	0.204566708494594
0.184441725980109	1821.20117790896	138.429992675781	0.204609204670341
0.184709041225394	1823.01589541253	138.630004882813	0.204565828504759
0.184976356470679	1824.90481743053	138.830001831055	0.204585848273489
0.185241325076406	1826.82688998604	139.029998779297	0.204622734514043
0.185506275349011	1828.64303449951	139.229995727539	0.204585609942909
0.185773590594295	1830.48892668074	139.429992675781	0.204579596679042
0.186038559200022	1832.28399535579	139.630004882813	0.20459200820233
0.186308221084865	1834.19355413224	139.830001831055	0.204581246659981
0.18657317135747	1836.11343128791	140.029998779297	0.204564050191969
0.186838139963197	1837.91881834219	140.229995727539	0.204581338325589
0.18710780184804	1839.82640125878	140.429992675781	0.204585848273489
0.187370423814209	1841.5221280913	140.630004882813	0.204584143293185
0.18764006736593	1843.46099545555	140.830001831055	0.204588873238545
0.187907382611215	1845.32884163513	141.029998779297	0.204592796526556
0.1881746978565	1847.29591988725	141.229995727539	0.204584821618683
0.188439666462226	1849.03292023667	141.429992675781	0.20458940489907
0.188704635067953	1850.79121596449	141.630004882813	0.204569348464096
0.188971931980116	1852.70033566097	141.830001831055	0.20457838669302
0.189236900585843	1854.49639226595	142.029998779297	0.204588121580561
0.189506562470686	1856.60770828723	142.229995727539	0.204577708367522
0.189773859382849	1858.42769475041	142.429992675781	0.204577671701279
0.190036481349018	1860.14142386157	142.630004882813	0.204585536610423
0.190306143233861	1862.0858894954	142.830001831055	0.20458656326523
0.190571111839587	1863.84879556287	143.029998779297	0.204584399956887
0.190838427084872	1865.73793712085	143.229995727539	0.204561831884262
0.191105723997035	1867.62971315863	143.429992675781	0.204593474852053
0.19137303924232	1869.4804352195	143.630004882813	0.204585353279207
0.191638007848047	1871.2349987676	143.830001831055	0.20457294175592
0.191902976453774	1873.06113235032	144.029998779297	0.204582364980395
0.192170273365937	1874.92129463048	144.229995727539	0.20457365674766
0.192435241971664	1876.82909708706	144.429992675781	0.204577855032495
0.192704903856507	1878.62844679179	144.630004882813	0.204582584977854
0.192972219101791	1880.67499851794	144.830001831055	0.204564270189428
0.193237169374396	1882.46490800338	145.029998779297	0.204587956582467
0.193502137980123	1884.30289674521	145.229995727539	0.204582713309705
0.193769453225408	1886.12661538811	145.429992675781	0.20456962346092
0.194036768470693	1887.96548228987	145.630004882813	0.204595143166114
0.194304065382856	1889.74529293607	145.830001831055	0.20457116344313
0.194571380628141	1891.68009881062	146.029998779297	0.204564691851224
0.194836349233868	1893.5053542334	146.229995727539	0.204586178269677
0.195103664479152	1895.2212787444	146.429992675781	0.204572373429152
0.195368633084879	1897.16750069809	146.630004882813	0.204576370049649
0.195635929997043	1898.97892510192	146.830001831055	0.204579138351003
0.195903245242327	1900.76685872751	147.029998779297	0.204576168385312
0.196170560487612	1902.61582446851	147.229995727539	0.20457057678324
0.196435529093339	1904.47357180885	147.429992675781	0.204581649988655
0.196702826005502	1906.28521575266	147.630004882813	0.204573051754649
0.196967794611229	1908.20267796851	147.830001831055	0.204568505140506
0.197235109856513	1910.11531030473	148.029998779297	0.204571071777522
0.197504753408235	1911.93924848761	148.229995727539	0.204573051754649
0.197769722013961	1913.68612813629	148.429992675781	0.204563316867107
0.198034690619688	1915.62752021034	148.630004882813	0.204564105191334
0.198302005864973	1917.39679293733	148.830001831055	0.204572080099207
0.198569321110258	1919.31688963299	149.029998779297	0.204552940320311
0.198834271382863	1921.14807263532	149.229995727539	0.204557798597522
0.199103933267706	1922.8910005643	149.429992675781	0.204587314923213
0.199371248512991	1924.88156959465	149.630004882813	0.204563041870284
0.199633870479159	1926.66423426064	149.830001831055	0.2045577802644
0.199901167391323	1928.48861152349	150.029998779297	0.204588231579291
0.200168482636607	1930.36040942278	150.229995727539	0.204553013652798
0.200435797881893	1932.28138427836	150.429992675781	0.204549182030394
0.200703113127177	1934.12310519991	150.630004882813	0.204583831630119
0.200970410039341	1935.9828284001	150.830001831055	0.20455836692429
0.201233032005509	1937.77932408505	151.029998779297	0.204556698610229
0.201500347250794	1939.69964032069	151.229995727539	0.204579963341473
0.201767662496079	1941.42500505098	151.429992675781	0.204557138605146
0.202032631101805	1943.20898695687	151.630004882813	0.204558678587356
0.202302274653527	1945.23424330462	151.830001831055	0.204567625150671
0.202569589898811	1947.06520676697	152.029998779297	0.204563500198323
0.202834558504538	1948.99298736205	152.229995727539	0.204554315304428
0.203099527110265	1950.77828650784	152.429992675781	0.204564563519373
0.203366824022428	1952.54975463466	152.630004882813	0.204560016905229
0.203634139267713	1954.55217882413	152.830001831055	0.204545240409261
0.203901454512998	1956.44505256183	153.029998779297	0.204554296971306
0.204168751425161	1958.23737698709	153.229995727539	0.204550117019593
0.204433720030888	1959.99259915514	153.429992675781	0.204518309053708
0.204698688636615	1961.86242119457	153.630004882813	0.204554920297439
0.204966003881899	1963.60029970393	153.830001831055	0.204550227018322
0.205233319127184	1965.54564349768	154.029998779297	0.204514220767603
0.205500616039348	1967.41941725682	154.229995727539	0.204550447015781
0.205767931284632	1969.21437616188	154.429992675781	0.204564068525091
0.206030553250801	1971.07146488227	154.630004882813	0.204528777266112
0.206300215135644	1972.87827894644	154.830001831055	0.204543938757632
0.206565165408249	1974.89321691497	155.029998779297	0.204570283453296
0.206834827293092	1976.60431154633	155.229995727539	0.204535212191775
0.207102142538377	1978.49345310431	155.429992675781	0.204537540498212
0.207367111144104	1980.38874178183	155.630004882813	0.204566983491417
0.207632061416709	1982.25329486166	155.830001831055	0.204527420615117
0.207899376661993	1984.09962612286	156.029998779297	0.204532333891692
0.208166691907278	1985.96374012273	156.229995727539	0.20455754193382
0.208431660513005	1987.80919322399	156.429992675781	0.204542948769068
0.208701304064726	1989.62456934752	156.630004882813	0.204534973861195
0.208966272670453	1991.38418231524	156.830001831055	0.204551400338102
0.20923124127618	1993.18726419969	157.029998779297	0.204547678714428
0.209498556521465	1995.07135633805	157.229995727539	0.204527457281361
0.209763525127191	1996.95654617633	157.429992675781	0.204554058640726
0.210030822039354	1998.80507283736	157.630004882813	0.204544048756361
0.210300483924197	2000.62725470038	157.830001831055	0.204530555578902
0.210567799169482	2002.54427783626	158.029998779297	0.2045478253794
0.210830421135651	2004.2970850645	158.229995727539	0.204552793655339
0.211095371408256	2006.09423936939	158.429992675781	0.204534570532521
0.211362686653541	2007.98843034699	158.630004882813	0.204543590428322
0.211630001898826	2009.87340064529	158.830001831055	0.204549970354621
0.211897317144111	2011.73839280509	159.029998779297	0.204526338960946
0.212164614056274	2013.62731482308	159.229995727539	0.204535230524896
0.212429582662	2015.3138209763	159.429992675781	0.204549768690284
0.212694551267727	2017.25016363073	159.630004882813	0.204533323880256
0.212961866513012	2019.07344319366	159.830001831055	0.204534075538239
0.213229163425175	2020.75358268736	160.029998779297	0.204550795345091
0.21349647867046	2022.58300936983	160.229995727539	0.204544525417521
0.213763793915745	2024.48905550654	160.429992675781	0.20453680717335
0.214028762521472	2026.27567189223	160.630004882813	0.204552775322218
0.214293731127198	2028.11541695392	160.830001831055	0.204536513843405
0.21456337467892	2029.9927033528	161.029998779297	0.20453290221846
0.214828343284646	2031.81356797591	161.229995727539	0.204539997136499
0.215095658529931	2033.66297279688	161.429992675781	0.204541793782411
0.215362955442094	2035.4757144406	161.630004882813	0.204539740472797
0.215627924047821	2037.39142033659	161.830001831055	0.2045423804423
0.215895239293106	2039.22128609903	162.029998779297	0.204545313741748
0.216160207898833	2041.12403913598	162.229995727539	0.204534295535698
0.216427523144117	2042.87245556454	162.429992675781	0.2045378704944
0.216694820056281	2044.70627304668	162.630004882813	0.204537265501389
0.216962135301566	2046.5444813285	162.830001831055	0.204541848781775
0.217227103907292	2048.39937464905	163.029998779297	0.204464318010751
0.217494419152577	2050.29093114685	163.229995727539	0.204544415418792
0.217761716064741	2052.1153084097	163.429992675781	0.204493724337713
0.218029031310025	2054.04747980445	163.630004882813	0.204503239227796
0.21829634655531	2055.90478806482	163.830001831055	0.204585096615506
0.218563643467473	2057.66242517269	164.029998779297	0.20454285710346
0.218826265433642	2059.50085299448	164.229995727539	0.20451394577078
0.219093580678927	2061.20338556649	164.429992675781	0.204573913411362
0.219360895924211	2063.13182478152	164.630004882813	0.204532957217825
0.219628211169496	2065.04423757775	164.830001831055	0.204484704441911
0.219895508081659	2066.83195166336	165.029998779297	0.204549347028488
0.220162823326945	2068.65413352637	165.229995727539	0.204542123778598
0.220427791932671	2070.40342811487	165.429992675781	0.204493614338984
0.220692760538398	2072.24690535628	165.630004882813	0.204538622152383
0.220962404090119	2074.16963653174	165.830001831055	0.20456133688998
0.221227372695846	2075.90531964126	166.029998779297	0.204490112712768
0.221494687941131	2077.85724963452	166.229995727539	0.204557046939538
0.221762003186415	2079.66230737882	166.429992675781	0.204556405280284
0.222026953459021	2081.50029612065	166.630004882813	0.204495044322465
0.222294268704306	2083.19843789299	166.830001831055	0.204555580289815
0.222559237310032	2085.0127163166	167.029998779297	0.204525715634813
0.222826552555317	2086.81404188118	167.229995727539	0.204529382259123
0.22309384946748	2088.72118571781	167.429992675781	0.204537943826886
0.223361164712765	2090.5782744382	167.630004882813	0.204514569096913
0.223626133318492	2092.37191610336	167.830001831055	0.204509839151553
0.223891101924219	2094.30211163826	168.029998779297	0.204534992194317
0.224158417169503	2096.16227391842	168.229995727539	0.204516934069592
0.224425714081667	2097.98533394137	168.429992675781	0.204513487442741
0.224693029326952	2099.87469503933	168.630004882813	0.204547275385754
0.224960344572236	2101.72124584051	168.830001831055	0.204530317248322
0.225225313177963	2103.51357026577	169.029998779297	0.204517575728846
0.225492610090126	2105.26571887405	169.229995727539	0.204539337144123
0.225757578695853	2107.04948123996	169.429992675781	0.20453064724451
0.226027240580696	2109.05980886883	169.630004882813	0.204505035873708
0.226294537492859	2110.96387914569	169.830001831055	0.204536330512189
0.226559506098586	2112.76761965009	170.029998779297	0.204527420615117
0.226824474704313	2114.52811077774	170.229995727539	0.204512625786028
0.227089443310039	2116.34129150143	170.429992675781	0.20452448731567
0.227356758555324	2118.13822626635	170.630004882813	0.204507034183957
0.227624055467487	2119.98631384741	170.830001831055	0.20451962903846
0.22789371735233	2121.89916572361	171.029998779297	0.204537632163819
0.228158685958057	2123.55208225935	171.229995727539	0.204533195548405
0.228423654563784	2125.41422039937	171.429992675781	0.204506594189039
0.228690951475947	2127.14112190954	171.630004882813	0.204517245732659
0.228958266721232	2129.11829900091	171.830001831055	0.204437038325888
0.229225581966517	2130.9367486842	172.029998779297	0.204515467419869
0.229492897211801	2132.77627420591	172.229995727539	0.204514514097548
0.229760194123965	2134.59296756934	172.429992675781	0.204461659708126
0.230025162729691	2136.31723459972	172.630004882813	0.204521059021941
0.230290131335418	2138.16466356083	172.830001831055	0.204547513716333
0.230557446580703	2140.00682356235	173.029998779297	0.204488389399343
0.230824743492866	2141.94053173698	173.229995727539	0.204511764129316
0.231089712098593	2143.81474457608	173.429992675781	0.204566341832163
0.231357027343878	2145.56623456441	173.630004882813	0.204488921059868
0.231621995949604	2147.46613358159	173.830001831055	0.204496859301498
0.231889311194889	2149.41960035473	174.029998779297	0.204542068779234
0.232154261467495	2151.21653511964	174.229995727539	0.204473796234591
0.232423923352337	2153.10260311786	174.429992675781	0.204488572730558
0.232691238597622	2154.89426892317	174.630004882813	0.204558788586085
0.232956207203349	2156.71293814645	174.830001831055	0.204490699372657
0.233223504115512	2158.67606467887	175.029998779297	0.204499774267824
0.233488472721239	2160.5232741	175.229995727539	0.2045544619694
0.233758134606081	2162.49364545187	175.429992675781	0.204503917553293
0.234023103211808	2164.17971252512	175.630004882813	0.204499059276083
0.234290400123972	2165.99245416885	175.830001831055	0.204553361982107
0.234555368729698	2167.91145316458	176.029998779297	0.204494365996967
0.234820337335425	2169.55580764097	176.229995727539	0.204504155883874
0.23508765258071	2171.47700203654	176.429992675781	0.204546358729676
0.235354949492873	2173.28271840079	176.630004882813	0.204485822762326
0.235622264738158	2175.2140116356	176.830001831055	0.204507914173791
0.235891926623001	2177.05287853737	177.029998779297	0.204535340523626
0.236156895228728	2178.80085588596	177.229995727539	0.204493247676553
0.236421845501333	2180.65004116694	177.429992675781	0.204506997517713
0.236686814107059	2182.48429772905	177.630004882813	0.204542820437217
0.236956475991902	2184.29155087319	177.830001831055	0.20450316589531
0.237221444597629	2186.07399599919	178.029998779297	0.204520527361415
0.23749108814935	2188.00638693392	178.229995727539	0.204524578981278
0.237756056755077	2189.79475963948	178.429992675781	0.204506685854647
0.238021025360804	2191.47467959319	178.630004882813	0.204513652440835
0.238288340606089	2193.36887057079	178.830001831055	0.20452342399462
0.238555637518252	2195.2749167075	179.029998779297	0.20451312078031
0.238822952763537	2197.14627552682	179.229995727539	0.204506740854012
0.239090268008822	2199.01719526617	179.429992675781	0.204520985689454
0.239357583254106	2200.73860827676	179.630004882813	0.204514074102631
0.239620205220275	2202.50963732362	179.830001831055	0.204515907414785
0.239887502132438	2204.38977774228	180.029998779297	0.204541353787494
0.240157164017281	2206.2172285649	180.229995727539	0.204489214389812
0.240422132623008	2207.79703828614	180.429992675781	0.204521792346802
0.240689429535171	2209.58365467182	180.630004882813	0.204544012090118
0.240956744780456	2211.46906405009	180.830001831055	0.204485089437464
0.241221713386183	2213.37818374657	181.029998779297	0.204512974115338
0.241486681991909	2215.25173796572	181.229995727539	0.204538897149206
0.241751650597636	2216.95536823765	181.429992675781	0.204495319319288
0.242021294149357	2218.77403746093	181.630004882813	0.204504614211912
0.242286262755084	2220.58787680457	181.830001831055	0.204550373683295
0.242553578000369	2222.3938127088	182.029998779297	0.204494769325641
0.242818546606096	2224.17362335501	182.229995727539	0.204498380950586
0.243085843518259	2225.98877993855	182.429992675781	0.204533360546499
0.243353158763544	2227.73675728714	182.630004882813	0.204504009218901
0.243620474008829	2229.65839076268	182.830001831055	0.204507749175697
0.243887789254113	2231.56070471967	183.029998779297	0.204532718887245
0.244152739526719	2233.35939580445	183.229995727539	0.204476087874784
0.244417708132445	2235.07224675569	183.429992675781	0.204520655693266
0.24468502337773	2236.86347348103	183.630004882813	0.204558036928102
0.244952338623015	2238.68455764413	183.830001831055	0.204484851106884
0.245219635535178	2240.45997749066	184.029998779297	0.204521425684371
0.245486950780463	2242.224639878	184.229995727539	0.204545203743019
0.24575191938619	2244.01389074349	184.429992675781	0.204474016232049
0.246014541352358	2246.06307694944	184.630004882813	0.204505824197934
0.246281856597643	2247.62861657175	184.830001831055	0.204528795599233
0.246551500149365	2249.49580413138	185.029998779297	0.204475226218072
0.246816468755091	2251.29734923595	185.229995727539	0.204500745923266
0.247086130639934	2253.09560124076	185.429992675781	0.204507529178238
0.247351099245661	2254.90922104442	185.630004882813	0.20449416433263
0.247616049518266	2256.67059033201	185.830001831055	0.204496914300862
0.247883364763551	2258.52350779271	186.029998779297	0.204523405661498
0.248150680008836	2260.26028860215	186.229995727539	0.204508940828598
0.248417995254121	2262.11935318239	186.429992675781	0.204502909231608
0.248685292166284	2264.01398323996	186.630004882813	0.204508995827962
0.248952607411568	2265.70817329259	186.830001831055	0.204514715761885
0.249215229377737	2267.54572295445	187.029998779297	0.204500782589509
0.249480197983464	2269.22542336818	187.229995727539	0.204488884393624
0.249749841535185	2271.02828571265	187.429992675781	0.20451346910962
0.250014810140912	2272.84102735637	187.630004882813	0.20449913260857
0.250284472025755	2274.32555672477	187.830001831055	0.204497207630807
0.25055178727104	2276.05553179472	188.029998779297	0.204514880759979
0.250816737543645	2277.75103908726	188.229995727539	0.204505035873708
0.251081706149372	2279.63491168563	188.429992675781	0.204502175906746
0.251349021394656	2281.48826822631	188.630004882813	0.204512845783487
0.251618683279499	2283.19453297804	188.830001831055	0.204591091546252
0.251883633552104	2285.15019515102	189.029998779297	0.204471834590585
0.252150948797389	2286.93615291676	189.229995727539	0.204426460114755
0.252415917403116	2288.68654520517	189.429992675781	0.204492257687989
0.252680886008843	2290.42881451419	189.630004882813	0.204466261321635
0.252950529560564	2292.36427900869	189.830001831055	0.204430823397683
0.253215498166291	2294.07405640015	190.029998779297	0.204513982437023
0.253482813411576	2295.99305539589	190.229995727539	0.204509490822244
0.253747782017302	2297.92149461092	190.429992675781	0.20447770118948
0.254012750623029	2299.62358810296	190.630004882813	0.20452188401241
0.25428239417475	2301.43852514652	190.830001831055	0.204519684037824
0.254549709420035	2303.21218867318	191.029998779297	0.20448646442158
0.25481702466532	2304.98321772004	191.229995727539	0.204502964230973
0.255084321577484	2306.82230416179	191.429992675781	0.204503697555835
0.25534929018321	2308.51320111467	191.630004882813	0.204481037817602
0.255614258788937	2310.36282547563	191.830001831055	0.204485309434923
0.255881574034222	2312.16085794046	192.029998779297	0.204482009473044
0.256148889279506	2313.87678245146	192.229995727539	0.204463254689701
0.25641618619167	2315.7545079303	192.429992675781	0.204503477558376
0.256683501436954	2317.74134478094	192.630004882813	0.204505457535504
0.256948470042681	2319.39448085666	192.830001831055	0.204482504467326
0.25721109200885	2321.10842950781	193.029998779297	0.204519977367769
0.257480735560571	2322.94751594956	193.229995727539	0.204506740854012
0.257748050805856	2324.77101505247	193.429992675781	0.204480359492105
0.258015366051141	2326.45642350577	193.630004882813	0.20450518253868
0.258282681296426	2328.35346850316	193.830001831055	0.20451086580636
0.258549978208589	2330.09178609248	194.029998779297	0.204457993083817
0.258814946814315	2331.84305654082	194.229995727539	0.204492349353597
0.259079915420042	2333.55349255224	194.429992675781	0.204504925874978
0.259347230665327	2335.31815493958	194.630004882813	0.204465821326718
0.25961452757749	2337.0790851472	194.830001831055	0.204490002714039
0.259881842822775	2339.05428637871	195.029998779297	0.20450730918078
0.26014915806806	2340.76933272978	195.229995727539	0.204436763329065
0.260414126673787	2342.47954920121	195.429992675781	0.204506539189675
0.260679076946392	2344.26397018707	195.630004882813	0.204492001024287
0.260946392191677	2345.96408781926	195.830001831055	0.204460798051414
0.261213707436961	2347.78978232201	196.029998779297	0.204502707567271
0.261481022682246	2349.53600335073	196.229995727539	0.204504210883238
0.261745991287973	2351.34611051466	196.429992675781	0.204470771269535
0.262013288200136	2352.96741329277	196.630004882813	0.204492184355503
0.262280603445421	2354.70573088209	196.830001831055	0.204508885829233
0.262547918690706	2356.22911882757	197.029998779297	0.204467892969452
0.262815215602869	2357.846250346	197.229995727539	0.204500892588238
0.263082530848154	2359.53846453879	197.429992675781	0.204482981128486
0.263347499453881	2361.2409971108	197.630004882813	0.204463896348955
0.263612468059607	2362.85878724918	197.830001831055	0.204501167585061
0.263879783304892	2364.69589783107	198.029998779297	0.204501699245586
0.264147080217056	2366.38745340391	198.229995727539	0.204468112966911
0.26441439546234	2368.16287325044	198.429992675781	0.204480396158348
0.264679364068067	2369.77473580926	198.630004882813	0.204511617464343
0.264944332673794	2371.46036380254	198.830001831055	0.204462998025999
0.265209282946399	2372.93962421134	199.029998779297	0.204490461042078
0.265476598191684	2370.26672491228	199.229995727539	0.204491267699426
0.265708732176719	3.76175544279132	199.270004272461	0.204303756532237
