File Path: C:\Users\MTS\Desktop\SE171\Test Run 36 2-3-2017 3 08 22 PM\DAQ- Crosshead, … - (Timed).txt   
Test: MTS EM Tension (Extensometer-Crosshead) 171-2017-W
Test Run: Test Run 36
Date: 2/3/2017 2:50:35 PM


Crosshead 	Load 	Time 	Extensometer 
in	lbf	sec	in
0.000933241035526169	10.3952542368052	0.239999994635582	9.38650787892276E-06
0.00176799940664915	21.3078064203469	0.439999997615814	0.000134008019799014
0.00259806800773001	32.0954077653132	0.639999985694885	0.000262614357207057
0.00343517122806717	42.7129548111884	0.839999973773956	0.000392782939751504
0.00426523997237555	53.1098676039626	1.03999996185303	0.000526550274668169
0.00509999827188476	63.3483514258347	1.24000000953674	0.00065641584150735
0.00593241193702106	73.2700287605853	1.44000005722046	0.000794129237609614
0.00676248068132945	82.9579028735374	1.63999998569489	0.000928871665428591
0.00759958361521158	92.4886000795556	1.8400000333786	0.00107009134264058
0.00843199728034788	101.662990752984	2.03999996185303	0.00120451687958906
0.00926675529340209	110.742224564817	2.24000000953674	0.00134486995873914
0.0100991689585384	119.431932700307	2.44000005722046	0.00147665445197843
0.0109315820507646	127.93751539589	2.64000010490417	0.00161828927413421
0.0117663406367289	136.294853717616	2.83999991416931	0.00175618915245722
0.0125987548747753	144.518862663116	3.03999996185303	0.00189405522908737
0.0134311679670015	152.468734775475	3.24000000953674	0.00203741307821359
0.0142659265529658	160.225987994814	3.44000005722046	0.00218061910617701
0.0150959952972741	167.820795347615	3.64000010490417	0.00232288441584101
0.0159307538832384	175.324781753493	3.83999991416931	0.00246880804261882
0.0167631669754646	182.456675329844	4.03999996185303	0.00261088257323672
0.017593235719773	189.613802283049	4.23999977111816	0.00275506569928761
0.0184303386536552	196.429283858186	4.44000005722046	0.00290045995718074
0.0192604085437836	203.145999883249	4.6399998664856	0.00305361829204925
0.0200951659839278	209.843972682221	4.84000015258789	0.00320063674992948
0.020927579076154	216.275012303759	5.03999996185303	0.00334909235266602
0.0217576478204624	222.439708761571	5.23999977111816	0.003501083383311
0.0225970962480825	228.624548012868	5.44000005722046	0.00365450095997639
0.023424820644473	234.49512949904	5.6399998664856	0.00380228024240085
0.0242595780846172	240.407176599593	5.84000015258789	0.00395713811492783
0.0250919911768434	245.956324107431	6.03999996185303	0.00411003090598894
0.0259244042690697	251.59852912577	6.23999977111816	0.00427121227317469
0.0267638526966898	256.897181512439	6.44000005722046	0.00442605439067531
0.0275915770930803	262.100663316259	6.6399998664856	0.0045876198940485
0.0284263345332244	267.196213775695	6.84000015258789	0.00474500200824854
0.0292587499170909	272.286769700506	7.03999996185303	0.00490802929161016
0.030093507357235	277.208554263005	7.23999977111816	0.00506999726429228
0.0309282647973792	281.88884484366	7.44000005722046	0.00523362553029461
0.0317583335416876	286.436149079309	7.6399998664856	0.00539247744522374
0.0325930932734719	290.88235515256	7.84000015258789	0.00555536780308374
0.0334255063656982	295.208884492309	8.03999996185303	0.00572292565910776
0.0342555751100065	299.587609463133	8.23999977111816	0.00589176855237024
0.0350926768980686	303.674510910894	8.4399995803833	0.00606023504373098
0.0359227456423769	307.731225610927	8.64000034332275	0.00622633942696228
0.0367575053741613	311.671227367232	8.84000015258789	0.00639696521629528
0.0375899184663875	315.596135749673	9.03999996185303	0.00656842229810843
0.0384223315586138	319.369095021034	9.23999977111816	0.00673705378756307
0.039257088998758	323.1579983837	9.4399995803833	0.0069087766996387
0.0400895043826244	326.694128897867	9.64000034332275	0.00708233235095898
0.0409242618227685	330.319255432844	9.84000015258789	0.00726042544986232
0.0417590192629126	333.794353831599	10.039999961853	0.00743498942286772
0.0425890880072213	337.128836870925	10.2399997711182	0.00761167889215256
0.0434238454473654	340.471881969608	10.4399995803833	0.00778634484314661
0.0442562608312315	343.674201938869	10.6400003433228	0.0079660512567461
0.045091018271376	346.989969194601	10.8400001525879	0.00814317613766772
0.0459257757115201	350.011168677479	11.039999961853	0.00831997102240146
0.0467558444558284	353.121226968677	11.2399997711182	0.00849618784089638
0.0475906064792528	356.202251097058	11.4399995803833	0.00867156591908051
0.048423017279839	359.122544515019	11.6400003433228	0.00884814080635571
0.0492577747199831	361.946350110237	11.8400001525879	0.0090229591514226
0.0500901901038496	364.679732674751	12.039999961853	0.00919825644928992
0.0509202588481579	367.590064465964	12.2399997711182	0.00936699965620398
0.0517573629278602	370.328496450099	12.4399995803833	0.00954153097333665
0.0525874316721685	373.044809780898	12.6400003433228	0.00970953741792854
0.0534221891123126	375.612082905398	12.8400001525879	0.00988364248998524
0.0542546044961791	378.250651639542	13.039999961853	0.0100533556336112
0.0550846732404874	380.767787320313	13.2399997711182	0.010222925549725
0.0559217727369094	383.349248216249	13.4399995803833	0.0103930867090088
0.0567518414812177	385.745005728644	13.6400003433228	0.0105630530788761
0.0575866035046421	388.154045410041	13.8400001525879	0.0107276134695271
0.0584213609447862	390.60589538822	14.039999961853	0.0108967135994013
0.0592537717453724	393.030906603417	14.2399997711182	0.0110617586719532
0.0600885337687969	395.351087476495	14.4399995803833	0.0112180130127231
0.0609209445693831	397.622667685726	14.6400003433228	0.0113740599600554
0.0617533599532496	399.866777954523	14.8400001525879	0.011520028273817
0.0625881173933937	401.967144419125	15.039999961853	0.0116544295337022
0.0634205327772602	404.179201850331	15.2399997711182	0.0117834110645299
0.0642552902174043	406.463817246081	15.4399995803833	0.0119041931067454
0.0650877010179906	408.581060846914	15.6400003433228	0.0120098560527847
0.0659201164018567	410.603545502372	15.8400001525879	0.012111478837163
0.0667548738420008	412.718429048384	16.0400009155273	0.0122140148401583
0.0675849425863095	414.761824887269	16.2399997711182	0.0123158851216774
0.0684197000264535	416.784336985224	16.4400005340576	0.0124211974467672
0.0692497687707618	418.703857388422	16.6399993896484	0.0125314173193311
0.0700821841546284	420.691490071499	16.8400001525879	0.0126507636489655
0.0709192882343307	422.65113140668	17.0400009155273	0.0127614441412083
0.071749356978639	424.605586109752	17.2399997711182	0.0128769164530956
0.0725864564750606	426.608394494189	17.4400005340576	0.0130020170912557
0.0734165252193693	428.400938459432	17.6399993896484	0.0131334059901066
0.0742512872427937	430.311732148286	17.8400001525879	0.0132597876551348
0.0750860446829378	432.193985639284	18.0400009155273	0.013389000641622
0.0759161134272461	433.937023338249	18.2399997711182	0.0135186708103279
0.0767508708673902	435.913102729695	18.4400005340576	0.013656933483939
0.0775832862512567	437.611271944532	18.6399993896484	0.0137992397566715
0.0784157016351232	439.430956540237	18.8400001525879	0.0139524038206405
0.0792528011315453	441.213923073699	19.0400009155273	0.0141077999421579
0.0800828698758535	442.880917610882	19.2399997711182	0.0142475246822124
0.080917631899278	444.592396437218	19.4400005340576	0.014383530090233
0.0817500381165839	446.379479345372	19.6399993896484	0.0145203387181414
0.0825848001400083	448.016424347313	19.8400001525879	0.0146601505405233
0.0834195621634327	449.799637863258	20.0400009155273	0.0148080014367038
0.0842496309077409	451.45771358861	20.2399997711182	0.0149532868416877
0.0850843837646047	453.110877106831	20.4400005340576	0.0150967790382203
0.0859167991484713	454.704435519533	20.6399993896484	0.0152508746539279
0.0867492145323378	456.335260844434	20.8400001525879	0.0153925026011631
0.0875839673892016	457.977365035988	21.0400009155273	0.0155246878449813
0.0884163827730681	459.536016591314	21.2399997711182	0.0156718443741831
0.0892511447964925	461.212451347785	21.4400005340576	0.0158192896500494
0.0900835601803591	462.741931527806	21.6399993896484	0.0159598084434309
0.0909159663976646	464.149621901981	21.8400001525879	0.0161097802526105
0.0917507284210894	465.67937650698	22.0400009155273	0.0162541982717812
0.0925807971653976	467.291403720793	22.2399997711182	0.0164041276856172
0.0934178966618193	468.884989575994	22.4400005340576	0.0165513564014851
0.0942503120456858	470.35464511051	22.6399993896484	0.0166973625273099
0.0950827274295524	471.916452553099	22.8400001525879	0.0168404032707244
0.0959174894529768	473.458062317206	23.0400009155273	0.0169873627188696
0.0967475581972854	474.830187214055	23.2399997711182	0.0171382042055026
0.0975846576937071	476.441171612947	23.4400005340576	0.0172792489303085
0.0984170730775736	477.787500561736	23.6399993896484	0.017423699032442
0.0992494884614402	479.217584014227	23.8400001525879	0.017570538169477
0.100084241318304	480.743771094495	24.0400009155273	0.0177158338868419
0.100914310062612	482.056181115833	24.2399997711182	0.0178569702772556
0.101751418725595	483.464475224962	24.4400005340576	0.0180073144779665
0.1025838249429	484.987149665494	24.6399993896484	0.0181590989745391
0.103416240326767	486.367342656735	24.8400001525879	0.0183197624310411
0.104251002350191	487.853902769982	25.0400009155273	0.0184752891760495
0.105083417734058	489.184918804921	25.2399997711182	0.0186249424472422
0.105913486478366	490.584266659723	25.4400005340576	0.018781966779117
0.10674823933523	491.926040153855	25.6399993896484	0.0189380079973489
0.107580654719096	493.119294849149	25.8400001525879	0.0191020206859937
0.108417754215519	494.646414974346	26.0400009155273	0.019263717672223
0.109247822959827	495.954818390986	26.2399997711182	0.0194194827478115
0.110082584983251	497.316844448594	26.4400005340576	0.019582331283238
0.110917347006676	498.72557763769	26.6399993896484	0.019739961753944
0.111747415750984	500.003080801652	26.8400001525879	0.0199076135672159
0.112584515247406	501.433109369149	27.0400009155273	0.0200693460738682
0.113414583991714	502.675486135752	27.2399997711182	0.0202299831765081
0.114249346015139	503.867258936159	27.4400005340576	0.0203869330300766
0.115084098872003	505.204092780659	27.6399993896484	0.0205477924218152
0.115914167616311	506.497732133408	27.8400001525879	0.0207065389212954
0.116751267112733	507.79175568113	28.0400009155273	0.0208687320476266
0.117581335857041	509.171619362396	28.2399997711182	0.021026699389441
0.118416097880466	510.248462981443	28.4400005340576	0.0211880033593772
0.11925085990389	511.713288636324	28.6399993896484	0.0213528983294964
0.120083266121196	512.878771523706	28.8400001525879	0.0215075084184274
0.12091802814462	514.274332313794	29.0400009155273	0.021671791520615
0.121748096888929	515.325819064747	29.2399997711182	0.0218272495164177
0.122582858912354	516.656670444699	29.4400005340576	0.0219888216082564
0.123415265129659	517.929563269008	29.6399993896484	0.0221439450245908
0.124247680513526	519.151522817145	29.8400001525879	0.0223033102669232
0.12508244253695	520.432867930819	30.0400009155273	0.0224631223790934
0.125912511281259	521.502082535438	30.2399997711182	0.0226198316104417
0.126747264138122	522.77267018992	30.4400005340576	0.0227900317276087
0.127582026161547	524.079427056684	30.6399993896484	0.0229456730546269
0.128412094905855	525.31071705412	30.8400001525879	0.0231041124743211
0.129249194402277	526.508197894098	31.0400009155273	0.023263612923425
0.130081609786143	527.664679642157	31.2399997711182	0.0234231798300945
0.13091402517001	528.982962358055	31.4400005340576	0.0235795521903343
0.131748787193434	530.089553644865	31.6399993896484	0.0237404069987925
0.132578855937743	531.190656432089	31.8400001525879	0.0238975974745814
0.133415955434165	532.444504162828	32.0400009155273	0.0240590435262095
0.134248370818031	533.567780488384	32.2400016784668	0.0242176800269604
0.135080786201898	534.764822248395	32.439998626709	0.0243703582632084
0.135917885698319	535.990953056219	32.6399993896484	0.024531703482668
0.13674560780307	537.115656391668	32.8400001525879	0.0246875281409016
0.13758505393905	538.392610705672	33.0400009155273	0.0248482500342285
0.138415122683358	539.489542233208	33.2400016784668	0.0250017945104696
0.139247538067224	540.589163125544	33.439998626709	0.0251622780732165
0.140084646730207	541.682033163386	33.6399993896484	0.0253160448385564
0.140912368834957	542.947516513251	33.8400001525879	0.0254720390781643
0.141749468331379	544.068652323969	34.0400009155273	0.0256283541473993
0.142579537075687	545.151094212595	34.2400016784668	0.0257853590003325
0.143411952459554	546.355490562053	34.439998626709	0.0259421438558071
0.144249051955976	547.480962287445	34.6399993896484	0.0260949481322658
0.145076783227287	548.557147286541	34.8400001525879	0.0262550512827405
0.145913882723709	549.70193853048	35.0400009155273	0.0264098492861674
0.146746298107575	550.721866408805	35.2400016784668	0.0265641293789106
0.147578713491442	551.945033426852	35.439998626709	0.0267211892312085
0.148413466348306	553.072041932127	35.6399993896484	0.0268799701052916
0.149245881732172	554.229182300139	35.8400001525879	0.0270369085006592
0.150080643755596	555.383743073343	36.0400009155273	0.0271952722962271
0.150913049972902	556.371179034111	36.2400016784668	0.0273459934717499
0.151745465356769	557.599340586783	36.439998626709	0.0274992469096864
0.152580227380193	558.670421281262	36.6399993896484	0.0276587679835521
0.153412642764059	559.734092501299	36.8400001525879	0.0278103256077454
0.154247404787484	560.865217381267	37.0400009155273	0.0279644246609133
0.155082148477787	562.012533335016	37.2400016784668	0.0281188789183113
0.155912217222096	563.05655572653	37.439998626709	0.0282789843604262
0.156749325885078	564.192894681105	37.6399993896484	0.0284411797783976
0.157579394629387	565.214908189272	37.8400001525879	0.0285890157789168
0.158414156652811	566.33472676009	38.0400009155273	0.0287443683592705
0.159248918676235	567.427706567924	38.2400016784668	0.0288997759389889
0.160078987420544	568.500488697276	38.439998626709	0.0290535243712072
0.160913731110847	569.615642043443	38.6399993896484	0.0292081321684981
0.161743799855155	570.617128563154	38.8400001525879	0.0293581818934442
0.16257856187858	571.641776551126	39.0400009155273	0.0295220800000793
0.163413323902004	572.710771615762	39.2400016784668	0.0296714078583644
0.164243392646313	573.776308925658	39.439998626709	0.0298268635625269
0.165080501309295	574.864349083864	39.6399993896484	0.0299797526296727
0.165910570053604	575.814847442409	39.8400001525879	0.0301354054148918
0.166745332077028	576.976268840099	40.0400009155273	0.0302952175270619
0.167577729127773	577.923638753878	40.2400016784668	0.0304508863537624
0.16841014451164	579.064423393119	40.439998626709	0.0305976063255074
0.169244906535064	580.087754141188	40.6399993896484	0.0307494114468417
0.170074975279372	580.957736210787	40.8400001525879	0.0309053690202065
0.170912083942355	582.098026885064	41.0400009155273	0.0310636526083676
0.17174684596578	583.178273373855	41.2400016784668	0.031216133763559
0.172576914710088	584.128222882442	41.439998626709	0.0313715390516372
0.173414005039949	585.239973358865	41.6399993896484	0.0315303474254026
0.174246420423816	586.266761861674	41.8400001525879	0.0316884728903904
0.175078835807682	587.350740530185	42.0400009155273	0.0318436490144493
0.175913597831107	588.299592338854	42.2400016784668	0.0319903506530728
0.176743666575415	589.301078858565	42.439998626709	0.0321452219889859
0.177580775238398	590.337197810673	42.6399993896484	0.0322946140131965
0.178413190622264	591.26014390129	42.8400001525879	0.0324499459687884
0.179245587673009	592.304111407809	43.0400009155273	0.0326009902655785
0.180080349696433	593.333095310454	43.2400016784668	0.0327513104040674
0.180910418440742	594.210980819457	43.439998626709	0.032905180293216
0.181745180464167	595.17042543233	43.6399993896484	0.0330602257937838
0.182577595848033	596.267027649892	43.8400001525879	0.0332104382251837
0.183410011231899	597.172081231854	44.0400009155273	0.0333655226836348
0.184244773255324	598.17455568149	44.2400016784668	0.0335180450883496
0.185074841999632	599.213034688422	44.439998626709	0.0336745411971599
0.185911932329493	600.231535556854	44.6399993896484	0.0338272721411323
0.186742001073802	601.149761537825	44.8400001525879	0.0339805966199148
0.187576763097226	602.188789394716	45.0400009155273	0.0341352273336076
0.188411525120651	603.179353800249	45.2400016784668	0.034291345321786
0.189241593864959	604.009214937864	45.439998626709	0.0344425798247121
0.190078702527942	604.942918487671	45.6399993896484	0.0345924026772791
0.19090877127225	605.922615664021	45.8400001525879	0.0347425601093143
0.191743514962553	606.758459266185	46.0400009155273	0.0348981945614118
0.192578276985978	607.886345931394	46.2400016784668	0.0350490692768275
0.193410692369844	608.787338023661	46.439998626709	0.0351991900426196
0.194245454393269	609.827298925481	46.6399993896484	0.0353532776375866
0.195077869777135	610.715008848746	46.8400001525879	0.0355043150594561
0.195910285161002	611.678240526334	47.0400009155273	0.0356583224470163
0.196747375490863	612.669463551818	47.2400016784668	0.0358143946023907
0.197577444235171	613.534341316799	47.439998626709	0.0359601497936143
0.198412206258595	614.41546504056	47.6399993896484	0.0361119457483878
0.199244621642462	615.240935378504	47.8400001525879	0.0362611292333408
0.200077037026328	616.284628460043	48.0400009155273	0.036410812295856
0.200911799049753	617.190834626919	48.2400016784668	0.0365592509977461
0.201741867794061	618.061804626442	48.439998626709	0.0367134875493256
0.202576629817486	618.956539829179	48.6399993896484	0.0368660007874797
0.203409045201352	619.9233390315	48.8400001525879	0.0370195177640385
0.204241442252097	620.818568199199	49.0400009155273	0.0371684995846544
0.20507855091508	621.661985930795	49.2400016784668	0.0373271062940828
0.20590627301983	622.633779667739	49.439998626709	0.0374763310285593
0.206743381682813	623.564190117794	49.6399993896484	0.0376312825718792
0.207575797066679	624.513041926463	49.8400001525879	0.0377830029025263
0.208408212450546	625.380444401255	50.0400009155273	0.0379353076014228
0.209245302780407	626.290272977856	50.2400016784668	0.0380890010342765
0.210075371524715	627.326995664921	50.439998626709	0.0382390599257833
0.21091013354814	628.192202739878	50.6399993896484	0.0383916258716619
0.211742548932006	629.018221927781	50.8400001525879	0.0385439168207171
0.212577310955431	629.913121785504	51.0400009155273	0.0386957425668132
0.213412072978855	630.933433858801	51.2400016784668	0.0388488470481371
0.214242141723163	631.627729056607	51.439998626709	0.0390006865440743
0.215076885413467	632.564890361155	51.6399993896484	0.0391550239278224
0.215911647436891	633.332237488468	51.8400001525879	0.0393045809501269
0.216741716181199	634.346621982211	52.0400009155273	0.039454632966713
0.217578824844182	635.269348532843	52.2400016784668	0.0396023612601433
0.218408893588491	636.116937524126	52.439998626709	0.0397526791069921
0.219243655611915	636.934723962648	52.6399993896484	0.0398779722429283
0.220076070995781	637.819140786161	52.8400001525879	0.0400441299067941
0.220908486379648	638.804052037118	53.0400009155273	0.0402084588417858
0.221743230069951	639.575899734094	53.2400016784668	0.0403572412897047
0.222573298814259	640.313114998673	53.439998626709	0.0405111157621339
0.223408060837684	641.227608799925	53.6399993896484	0.0406664018849221
0.224242822861108	642.027941809759	53.8400001525879	0.0408225496644228
0.225072891605417	642.873609826185	54.0400009155273	0.0409732387569827
0.225910000268399	643.83074926923	54.2400016784668	0.0411270765631685
0.226740069012707	644.550072025154	54.439998626709	0.0412798097987815
0.227574812703011	645.421700644629	54.6399993896484	0.0414284409984476
0.228409574726435	646.178619622725	54.8400001525879	0.0415876687423685
0.229239643470744	646.975988842782	55.0400009155273	0.0417359745291276
0.230076752133726	647.881207079732	55.2400016784668	0.0418869340352303
0.230906820878035	648.53142962585	55.439998626709	0.0420437876399106
0.231741582901459	649.427042988521	55.6399993896484	0.0421998666702059
0.232576344924883	650.214093829354	55.8400001525879	0.0423539244738504
0.233408741975628	651.007566214705	56.0400009155273	0.0425085551875429
0.234243503999053	651.926450815626	56.2400016784668	0.0426636304794335
0.235073572743361	652.697694777647	56.439998626709	0.0428200257560752
0.235908334766786	653.522177185666	56.6399993896484	0.0429732081531658
0.236743096790211	654.202037629555	56.8400001525879	0.0431256755585158
0.237573165534519	655.054730925453	57.0400009155273	0.0432757229918216
0.238407927557943	655.883933443117	57.2400016784668	0.0434319120208461
0.23924034294181	656.604189243972	57.439998626709	0.0435860614900984
0.240075086632113	657.465993449184	57.6399993896484	0.0437448904886256
0.240909848655537	658.277522998177	57.8400001525879	0.0438969178990587
0.241739917399846	658.899918851387	58.0400009155273	0.0440494357204929
0.24257467942327	659.611996787856	58.2400016784668	0.0442044330966169
0.243407094807137	660.430057651356	58.439998626709	0.0443595221383484
0.244239510191003	661.181323474879	58.6399993896484	0.0445137495233669
0.245074272214428	661.89378560632	58.8400001525879	0.0446711072888902
0.245904340958736	662.64614912976	59.0400009155273	0.0448235426112776
0.246741431288597	663.360916431025	59.2400016784668	0.0449854149079815
0.247573846672464	664.199504282984	59.439998626709	0.0451389960504658
0.24840626205633	664.756202796133	59.6399993896484	0.0453031737372043
0.249243370719313	665.655109258556	59.8400001525879	0.0454628414760425
0.250071092824063	666.382335453886	60.0400009155273	0.045625195017187
0.250908201487046	667.072239852022	60.2400016784668	0.0457828506959354
0.251740598537791	667.759235345377	60.439998626709	0.0459414413638823
0.252573013921657	668.553256580685	60.6399993896484	0.0461015949304413
0.253407775945082	669.259626477582	60.8400001525879	0.0462569681355567
0.254240191328948	669.951561620566	61.0400009155273	0.046415962132178
0.255074953352372	670.721817652661	61.2400016784668	0.0465787373351181
0.255907368736239	671.369460603974	61.439998626709	0.0467355176073126
0.256739784120106	672.101571563936	61.6399993896484	0.0468940853588575
0.257574527810408	672.759148699503	61.8400001525879	0.0470523781135795
0.258404596554717	673.388075867221	62.0400009155273	0.0472172982917409
0.259241705217699	674.249056797497	62.2400016784668	0.0473782951818909
0.260074120601566	674.803834335791	62.439998626709	0.0475372708453906
0.260906535985432	675.500434703423	62.6399993896484	0.047695105272074
0.261741298008857	676.152358684414	62.8400001525879	0.0478583708860158
0.262571366753165	676.744018939935	63.0400009155273	0.0480262243636244
0.26340612877659	677.405383140216	63.2400016784668	0.0481873129193827
0.264238525827335	678.133707035464	63.439998626709	0.0483487910539732
0.265073287850759	678.845839856927	63.6399993896484	0.0485112316774453
0.265908049874184	679.401111360185	63.8400001525879	0.0486768989303098
0.266738118618492	680.000455515128	64.0400009155273	0.0488365070865028
0.267572880641917	680.688768248383	64.2399978637695	0.0490052130542638
0.268405296025783	681.311658066557	64.4400024414063	0.0491704128125287
0.26923771140965	681.876479559095	64.6399993896484	0.0493351175765118
0.270074801739511	682.490423122941	64.8399963378906	0.0495011102422839
0.270904870483819	683.082577343426	65.0400009155273	0.0496693074659217
0.271739632507243	683.744106198694	65.2399978637695	0.0498399567445665
0.27257204789111	684.383845710601	65.4400024414063	0.0500044460943717
0.273404463274976	684.803496389053	65.6399993896484	0.0501718412439421
0.274241571937959	685.541974008538	65.8399963378906	0.0503394930572138
0.275071640682267	686.080780013031	66.0400009155273	0.0505104081661213
0.27590638437257	686.636051516289	66.2399978637695	0.050678651222563
0.276741146395995	687.110696960607	66.4400024414063	0.0508506067361185
0.277571215140303	687.531994188936	66.6399993896484	0.0510145231758752
0.278410670442844	688.117178014944	66.8399963378906	0.0511871111821236
0.279238392547594	688.495610061494	67.0400009155273	0.0513601071003268
0.280073154571019	689.020145967062	67.2399978637695	0.0515266360099039
0.280907898261322	689.462464148809	67.4400024414063	0.0516995998451441
0.281740313645188	689.987878214312	67.6399993896484	0.0518710970306606
0.282575075668613	690.528934503637	67.8399963378906	0.0520496249682909
0.283405144412921	691.045566969797	68.0400009155273	0.0522237758731512
0.284239906436346	691.485854406698	68.2399978637695	0.0524058512698008
0.28507466845977	692.001883137905	68.4400024414063	0.0525817346546476
0.285907083843637	692.587560928877	68.6399993896484	0.0527598225973606
0.28674182753394	693.015060161738	68.8399963378906	0.0529385063665236
0.287571896278248	693.51401965923	69.0400009155273	0.0531230934008252
0.288406658301672	693.855623873549	69.2399978637695	0.0533072496067705
0.289241420325097	694.413968936574	69.4400024414063	0.0534918962237169
0.290071489069406	694.855957808348	69.6399993896484	0.0536787794814921
0.29090625109283	695.279889516478	69.8399963378906	0.0538631556848961
0.291738666476697	695.836313604648	70.0400009155273	0.0540493102010898
0.292573428500121	696.240322059275	70.2399978637695	0.0542361980421453
0.293408172190424	696.570455309458	70.4400024414063	0.0544253775233945
0.294238240934732	696.912443718748	70.6399993896484	0.0546179623819713
0.295075349597715	697.367934299507	70.8399963378906	0.054814291780624
0.295907764981582	697.674576771453	71.0400009155273	0.0549984571531299
0.296740180365448	698.055259102835	71.2399978637695	0.055197055275574
0.297574942388872	698.371396679069	71.4400024414063	0.0553927246818508
0.298405011133181	698.589290112689	71.6399993896484	0.0555806437609937
0.299242101463042	698.981772718185	71.8399963378906	0.0557780410639764
0.30007217020735	699.242202023605	72.0400009155273	0.055970259260122
0.300906932230775	699.632763654244	72.2399978637695	0.0561682661393965
0.301741694254199	700.019428450177	72.4400024414063	0.0563633809687469
0.302571762998508	700.357959104728	72.6399993896484	0.0565603153604106
0.30340887166149	700.821298239896	72.8399963378906	0.0567628276043051
0.304241287045357	701.091497074582	73.0400009155273	0.0569581578478335
0.305073684096102	701.538260940996	73.2399978637695	0.0571530893459681
0.305908446119526	701.752531964888	73.4400024414063	0.0573498495729772
0.306738514863835	702.087110899736	73.6399993896484	0.0575485806105528
0.307575623526817	702.462908466486	73.8399963378906	0.057748319969813
0.308405673938004	702.726466216673	74.0400009155273	0.0579499659737146
0.309238107654992	703.088542534452	74.2399978637695	0.0581528357134795
0.310075197984853	703.348971839875	74.4400024414063	0.0583507784268283
0.310905285062283	703.724879176614	74.6399993896484	0.0585464707495071
0.311740028752586	704.120106031904	74.8399963378906	0.0587492121574213
0.312572462469574	704.29881157847	75.0400009155273	0.0589509819098933
0.313404859520319	704.656387326587	75.2399978637695	0.059150473772013
0.31424194985018	704.837288272988	75.4400024414063	0.0593533755947402
0.315074383567168	705.187728971644	75.6399993896484	0.059550924145976
0.315906780617913	705.432022088278	75.8399963378906	0.0597573092617976
0.316741560974459	705.574887732539	76.0400009155273	0.0599568790396839
0.317573958025204	705.849038286928	76.2399978637695	0.060163580401852
0.318411085021308	706.071157865231	76.4400024414063	0.060366583056748
0.319238788792937	706.333782570487	76.6399993896484	0.0605679036477421
0.320075879122798	706.665233060571	76.8399963378906	0.0607765208211118
0.320908312839786	706.797944980594	77.0400009155273	0.0609760951822784
0.321738363250973	706.997836135567	77.2399978637695	0.0611908906176098
0.322575490247077	707.243446492102	77.4400024414063	0.0613882741707516
0.323405540658264	707.345697239416	77.6399993896484	0.0616000308911866
0.32424032101481	707.569792677568	77.8399963378906	0.0618032581268217
0.325072718065555	707.771275497423	78.0400009155273	0.0620135206978504
0.325905151782542	707.936150025028	78.2399978637695	0.062218874575585
0.326739895472846	708.039004507296	78.4400024414063	0.0624301408850185
0.327569945884033	708.078631474317	78.6399993896484	0.0626369384960748
0.328407072880137	708.350312203893	78.8399963378906	0.0628466877397004
0.329239469930882	708.384286016338	79.0400009155273	0.0630565790650177
0.33007190364787	708.503496227376	79.2399978637695	0.0632734690594862
0.330908993977731	708.491970378243	79.4400024414063	0.0634881178298453
0.331739044388917	708.612991794146	79.6399993896484	0.063701519947939
0.332573824745463	708.597075145342	79.8399963378906	0.0639132583352524
0.333408568435767	708.674956954486	80.0400009155273	0.064125482550287
0.334238655513196	708.71787702126	80.2399978637695	0.0643349201308461
0.335075745843057	708.753387613591	80.4400024414063	0.0645562559072898
0.335905832920487	708.718480756215	80.6399993896484	0.064771000926537
0.336742923250348	708.673035979632	80.8399963378906	0.0649917362932496
0.337575320301093	708.61266248417	81.0400009155273	0.0652158174546449
0.338405407378523	708.450148011387	81.2399978637695	0.0654322399545138
0.339242497708384	708.428687978001	81.4400024414063	0.0656493453631602
0.340074931425372	708.278083549323	81.6399993896484	0.0658763506574425
0.340907328476117	708.294384393096	81.8399963378906	0.0660973656042591
0.341742108832663	708.048170301606	82.0400009155273	0.0663204338606886
0.34257215924385	707.80190132512	82.2399978637695	0.066541957551628
0.343409249573711	707.703437642523	82.4400024414063	0.0667671066173536
0.344239336651141	707.572866237337	82.6399993896484	0.0669923977647709
0.345074080341444	707.39180063595	82.8399963378906	0.0672208238759732
0.345906514058432	707.27220622994	83.0400009155273	0.067446880431215
0.346736564469619	706.998439870521	83.2399978637695	0.067677781513826
0.347576038105282	706.775442132286	83.4400024414063	0.0679033934908705
0.348406088516468	706.649151756779	83.6399993896484	0.0681343679059677
0.349240832206771	706.460676680947	83.8399963378906	0.0683599111338067
0.350073265923759	706.241685547411	84.0400009155273	0.0685909176318665
0.350905662974504	706.03191509318	84.2399978637695	0.0688241286877925
0.351742789970608	706.038995257649	84.4400024414063	0.069056377254837
0.352575187021353	705.732243015708	84.6399993896484	0.0692836346295406
0.353407620738341	705.55864177376	84.8399963378906	0.0695113686654043
0.354242364428644	705.525765661231	85.0400009155273	0.0697420405839957
0.355074761479389	705.165829858289	85.2399978637695	0.0699747612289205
0.355909541835935	704.941020915189	85.4400024414063	0.0702175742572571
0.35674193888668	704.711930942412	85.6399993896484	0.0704581277283626
0.357574372603668	704.560777663775	85.8399963378906	0.0707036998914921
0.358409116293971	704.257373406584	86.0400009155273	0.0709504407911201
0.359241550010959	703.975099872805	86.2399978637695	0.0711945875540492
0.360076293701262	703.682727499783	86.4400024414063	0.0714368185057768
0.360906380778692	703.4018260909	86.6399993896484	0.071690278494452
0.361738777829437	703.184261967256	86.8399963378906	0.0719344665069043
0.362575868159298	702.956653889368	87.0400009155273	0.0721850802784594
0.36340360859717	702.564939673814	87.2399978637695	0.0724041610809528
0.364240698927031	702.441613088087	87.4400024414063	0.0727090729752512
0.365073132644019	702.051435652418	87.6399993896484	0.0731673780975378
0.365905529694764	701.843805713028	87.8399963378906	0.0735199652744209
0.36674031005131	701.525033656992	88.0400009155273	0.0634385909019846
0.367570360462496	701.21471389032	88.2399978637695	0.0645245671066949
0.368407450792358	701.072451981015	88.4400024414063	0.142909679928516
0.369237537869787	700.644129473215	88.6399993896484	0.0694858031274063
0.370072281560091	700.387432347511	88.8399963378906	0.0661336331019602
0.370907061916637	699.982875042925	89.0400009155273	0.0464272415852102
0.371737112327824	699.678812165784	89.2399978637695	0.0681495385640484
0.372574239323928	699.319260557812	89.4400024414063	0.0617086042202717
0.373406636374672	699.015856300621	89.6399993896484	0.121743119446429
0.374239033425417	698.636820519116	89.8399963378906	0.22236848118033
0.375073813781963	698.254162327882	90.0400009155273	0.24635515241759
0.375906210832709	697.735444231879	90.2399978637695	0.233444088233972
0.376740991189255	697.370349239325	90.4400024414063	0.210458515431937
0.37757338824	696.959480160213	90.6399993896484	0.198929218619358
0.378405821956987	696.725066342834	90.8399963378906	0.161845512013501
0.379240565647291	696.282034656139	91.0400009155273	0.180141728987375
0.380072962698035	695.894272160291	91.2399978637695	0.184170395781206
0.380907743054582	695.469846487197	91.4400024414063	0.193715700513031
0.381740140105326	695.16106350041	91.6399993896484	0.199015750953062
0.382570227182756	694.665726412649	91.8399963378906	0.203380793861048
0.383407317512617	694.310291179369	92.0400009155273	0.197042025420375
0.384237404590047	694.008478587057	92.2399978637695	0.19584226928006
0.38507214828035	693.58877302361	92.4400024414063	0.195617505209887
0.385906891970653	693.313908964273	92.6399993896484	0.196183063676508
0.386736979048083	692.937617432561	92.8399963378906	0.201104828486527
0.387574069377944	692.562039405795	93.0400009155273	0.195612133605274
0.388404156455374	692.261708708372	93.2399978637695	0.19597388275965
0.389241246785235	691.927843278472	93.4400024414063	0.201206852307939
0.390073680502223	691.552265251706	93.6399993896484	0.198327415571438
0.390906077552968	691.149080072016	93.8399963378906	0.196210893355017
0.391743167882829	690.899682650764	94.0400009155273	0.197870095854434
0.392573254960259	690.517957504462	94.2399978637695	0.197178130514744
0.393407998650562	690.12278553417	94.4400024414063	0.196914371895039
0.394242779007106	689.62832660634	94.6399993896484	0.197435252544448
0.395075176057854	689.337491013205	94.8399963378906	0.197143664246234
0.395909919748157	688.933153248601	95.0400009155273	0.197973311328747
0.396740006825587	688.552086722249	95.2399978637695	0.197468398828206
0.39757475051589	688.083313972488	95.4400024414063	0.19646966536566
0.398407184232878	687.619865067329	95.6399993896484	0.197835776250897
0.399237234644063	687.254550534792	95.8399963378906	0.197864229255539
0.400074361640169	686.897907831603	96.0400009155273	0.197090883189299
0.400904412051354	686.428037381927	96.2399978637695	0.196771318547604
0.401739192407902	686.092854712124	96.4400024414063	0.199151544384365
0.402573936098205	685.567330876632	96.6399993896484	0.197507631708318
0.403406333148949	685.057119954987	96.8399963378906	0.196985651071616
0.404238766865937	684.611837983461	97.0400009155273	0.198398804746744
0.405071163916681	684.197401379618	97.2399978637695	0.197529741452904
0.405905944273228	683.749430043295	97.4400024414063	0.197129731073858
0.406740687963532	683.257495825275	97.6399993896484	0.19832127397572
0.407570775040961	682.968581206995	97.8399963378906	0.19821477687265
0.408407865370823	682.538392609335	98.0400009155273	0.197129437743913
0.409240262421567	681.920332670799	98.2399978637695	0.197432520909337
0.410072696138555	681.435149307273	98.4400024414063	0.198179100618119
0.410909786468417	680.889482678295	98.6399993896484	0.197521601546937
0.411739873545847	680.350347363824	98.8399963378906	0.197468288829477
0.41257461723615	679.939148974736	99.0400009155273	0.198036175602534
0.413407050953138	679.232065572893	99.2399978637695	0.197616603782796
0.414241794643441	678.818726668965	99.4400024414063	0.197638731860504
0.415076538333744	678.335574050288	99.6399993896484	0.197856511011368
0.415904278771614	677.817624344224	99.8399963378906	0.197843989489351
0.416741369101476	677.502529582913	100.040000915527	0.197504075082738
0.417573802818465	677.023218913945	100.23999786377	0.197738390709237
0.418406199869209	676.569813963031	100.440002441406	0.1978230163983
0.419240980225756	676.103456153089	100.639999389648	0.197755458845398
0.420071030636941	675.541214255356	100.839996337891	0.197722349227883
0.420908120966803	675.112946632553	101.040000915527	0.197605145581829
0.421738208044232	674.729520051377	101.23999786377	0.197699634490285
0.422572951734535	674.247026052648	101.440002441406	0.197791116766807
0.423407732091083	673.949933569984	101.639999389648	0.197875265794711
0.424237782502268	673.437966328472	101.839996337891	0.197587784115724
0.425074909498374	673.106460953393	102.040000915527	0.197565087711248
0.425907306549118	672.664746506599	102.23999786377	0.197841569517306
0.426737393626547	672.354262084939	102.440002441406	0.197794031733134
0.42757448395641	672.050473632778	102.639999389648	0.197723009220258
0.428404534367595	671.705082353742	102.839996337891	0.19761687877962
0.429241661363701	671.491415064806	103.040000915527	0.197680879706942
0.430074058414445	671.088723850078	103.23999786377	0.197753423868906
0.430906492131433	670.715121683165	103.440002441406	0.1978196981033
0.431743582461291	670.385756822924	103.639999389648	0.197723944209457
0.43257363287248	670.045908928473	103.839996337891	0.197555132826248
0.433408413229028	669.774337968888	104.040000915527	0.197737822382469
0.434240810279772	669.53141697715	104.23999786377	0.197809376555869
0.435070897357201	669.135915696882	104.440002441406	0.197741929001696
0.435910334326622	668.811655141259	104.639999389648	0.197650905053212
0.436740421404051	668.373014254234	104.839996337891	0.197644030132631
0.437575165094354	668.047930423674	105.040000915527	0.197733844095093
0.438407562145098	667.690574215538	105.23999786377	0.197771848656061
0.439239995862087	667.386621108388	105.440002441406	0.197768200364873
0.44007473955239	667.08157030132	105.639999389648	0.197609600530365
0.440904826629819	666.56998725478	105.839996337891	0.197655653331693
0.441739570320122	666.108459324475	106.040000915527	0.197784461843686
0.442574350676669	665.663835972901	106.23999786377	0.197762737094652
0.443406747727413	665.323439228491	106.440002441406	0.197681833029263
0.444241491417717	664.893085975842	106.639999389648	0.197630793618874
0.445073925134705	664.450877564087	106.839996337891	0.197707664397523
0.445906322185449	664.107132834927	107.040000915527	0.197752488879707
0.446741102541996	663.720797348972	107.23999786377	0.197763800415702
0.44757349959274	663.157896831289	107.440002441406	0.197661043269428
0.448410626588843	662.844119309876	107.639999389648	0.197620802067631
0.449240677000032	662.374193975203	107.839996337891	0.197743798980093
0.450075420690335	661.994773998728	108.040000915527	0.197770730335647
0.450910201046878	661.678526652502	108.23999786377	0.197711679351142
0.451740251458067	661.334342843375	108.440002441406	0.197635890226665
0.452575031814614	660.992628859064	108.639999389648	0.19768168636429
0.453407428865358	660.632473516139	108.839996337891	0.1977360624028
0.454239862582347	660.347730157545	109.040000915527	0.197753973862552
0.45507460627265	660.068091103568	109.23999786377	0.197691696248655
0.455907003323394	659.793172159235	109.440002441406	0.197616072122272
0.456741783679941	659.448055305179	109.639999389648	0.197701577801169
0.457571834091126	659.206616208331	109.839996337891	0.197763122090204
0.458406614447673	658.967427396312	110.040000915527	0.197726767510176
0.459241358137976	658.635812251242	110.23999786377	0.197649035074814
0.460071445215406	658.460070494453	110.440002441406	0.197654535011278
0.460908535545268	658.354142452417	110.639999389648	0.197717875946225
0.461738622622697	658.122966849796	110.839996337891	0.197738262377386
0.462573366313	657.959629102075	111.040000915527	0.197715712637883
0.463408110003303	657.806280423603	111.23999786377	0.197638346864952
0.464238197080732	657.528781884464	111.440002441406	0.197671658146804
0.465075287410595	657.349362832951	111.639999389648	0.197738005713684
0.465907721127583	657.007374423662	111.839996337891	0.197733587431391
0.466742464817886	656.941841738588	112.040000915527	0.197673711456417
0.46757486186863	656.601225454194	112.23999786377	0.197645533448598
0.468407295585618	656.441455231204	112.440002441406	0.197703741109512
0.469242039275921	656.236734196594	112.639999389648	0.197727830831226
0.47007447299291	655.954954627778	112.839996337891	0.197719800923988
0.470906870043654	655.793428084922	113.040000915527	0.197654131682604
0.471741650400201	655.5343160194	113.23999786377	0.197654205015091
0.472571700811386	655.358629147608	113.440002441406	0.197719965922081
0.473408791141248	655.186345145559	113.639999389648	0.197732120781668
0.474241224858236	655.005334429166	113.839996337891	0.197688469619263
0.475071275269421	654.696441672388	114.040000915527	0.197643443472742
0.475908402265528	654.509997341405	114.23999786377	0.197683758007025
0.476738452676713	654.25972176022	114.440002441406	0.197720020921446
0.47757323303326	654.006756814236	114.639999389648	0.197721359239319
0.478405630084004	653.625745172879	114.839996337891	0.19766936650661
0.479238063800992	653.425030742969	115.040000915527	0.197646468437798
0.480075154130854	653.26218696021	115.23999786377	0.197703686110147
0.480905204542039	652.977663141599	115.440002441406	0.197734430754983
0.481742331538146	652.590120185734	115.639999389648	0.197701412803076
0.482572381949331	652.329910420295	115.839996337891	0.197650905053212
0.483407162305878	652.14374051429	116.040000915527	0.197669513171583
0.484244252635736	651.910808591801	116.23999786377	0.197716519295231
0.48507199307361	651.716625476399	116.440002441406	0.197719489260921
0.485909083403472	651.570796042363	116.639999389648	0.197681998027357
0.486741480454217	651.329631370493	116.839996337891	0.1976457901123
0.487573914171205	651.088576468615	117.040000915527	0.19768428966755
0.488411004501063	650.919366026334	117.23999786377	0.19772432920501
0.489241091578496	650.711297006977	117.440002441406	0.197707664397523
0.49007348862924	650.557399478546	117.639999389648	0.19766296824719
0.490908268985787	650.222052153757	117.839996337891	0.19765739497824
0.491740666036531	650.056519006201	118.040000915527	0.197705776086004
0.492575409726835	649.92056887142	118.23999786377	0.197716757625811
0.493405496804264	649.735441780338	118.440002441406	0.197689807937136
0.494240240494567	649.610578414724	118.639999389648	0.19764674343462
0.495075020851114	649.370237017793	118.839996337891	0.197673564791445
0.495905071262299	649.198172555727	119.040000915527	0.197712394342882
0.496742198258405	649.075614359941	119.23999786377	0.197702402791639
0.49757459530915	648.853494781638	119.440002441406	0.197665058223047
0.498406992359894	648.795755765979	119.639999389648	0.197653105027798
0.499244119355996	648.705689487751	119.839996337891	0.197685811316639
0.500074169767185	648.58982726146	120.040000915527	0.197707004405148
0.500911296763287	648.567598838132	120.23999786377	0.197690999590037
0.501739000534917	648.474019920166	120.440002441406	0.197656019994124
0.50257612753102	648.327147671207	120.639999389648	0.197662803249096
0.503410871221323	648.173963647724	120.839996337891	0.19770324611523
0.504240921632512	647.885378339419	121.040000915527	0.197702824453435
0.505078048628614	647.723028521624	121.23999786377	0.197673363127108
0.505908099039803	647.463861571107	121.440002441406	0.197655213336776
0.50674287939635	647.087350499412	121.639999389648	0.197681869695506
0.507575276447095	646.910950122673	121.839996337891	0.197701101140009
0.508405363524524	646.638171693179	122.040000915527	0.197695197874871
0.509242453854386	646.358422869209	122.23999786377	0.197663059912798
0.510072504265571	646.201067586039	122.440002441406	0.197658531631776
0.510907284622118	646.020989914575	122.639999389648	0.197694336218158
0.511742028312421	645.869781750944	122.839996337891	0.197706381079015
0.51257211538985	645.599418261269	123.040000915527	0.197676754754594
0.513409205719713	645.21615633508	123.23999786377	0.197652958362825
0.514241639436701	644.954135364778	123.440002441406	0.197668156520588
0.515074036487445	644.853256742361	123.639999389648	0.197699671156528
0.515908780177748	644.688437099753	123.839996337891	0.197693199564622
0.516741213894736	644.470104586166	124.040000915527	0.197666781536472
0.517575957585039	644.419939699938	124.23999786377	0.197656166659096
0.518408391302028	644.111815333101	124.440002441406	0.197686251311556
0.519240788352772	644.026414279521	124.639999389648	0.197700734477578
0.520077878682634	643.885963575079	124.839996337891	0.197679688054042
0.520907965760063	643.659782507083	125.040000915527	0.197654993339317
0.521745056089921	643.712472103122	125.23999786377	0.197666598205257
0.522575143167354	643.429045984429	125.440002441406	0.197688139623075
0.523407540218098	643.331460461765	125.639999389648	0.1976919895786
0.524244667214201	643.202974686423	125.839996337891	0.197670686491362
0.52507471762539	643.013072600699	126.040000915527	0.197654920006831
0.525909497981933	642.884092860396	126.23999786377	0.197676314759677
0.526739548393122	642.647209218204	126.440002441406	0.197689789604014
0.527574292083425	642.398470416903	126.639999389648	0.19768771796128
0.528411419079528	642.227503654757	126.839996337891	0.1976557449973
0.529241469490716	642.107140858804	127.040000915527	0.197662583251638
0.530076249847264	641.913890788333	127.23999786377	0.197683794673268
0.530906300258449	641.584800353073	127.440002441406	0.19768962460592
0.531741080614996	641.370145134209	127.639999389648	0.197673546458323
0.532575824305299	641.181285863407	127.839996337891	0.1976545533444
0.533408221356043	640.979089538608	128.039993286133	0.197673381460229
0.534243001712591	640.615695980925	128.240005493164	0.197690082933959
0.535073052123776	640.417725800809	128.440002441406	0.197686324644042
0.535907832480323	640.104112934385	128.639999389648	0.197659961615256
0.536744922810181	639.869040497056	128.839996337891	0.197663609906445
0.537575009887614	639.576942549015	129.039993286133	0.197683483010202
0.538409753577917	639.411519171451	129.240005493164	0.197692741236583
0.53924449726822	639.259981697844	129.440002441406	0.197676534757135
0.540076930985209	639.016621626139	129.639999389648	0.197655176670533
0.540911674675508	638.713436908931	129.839996337891	0.197665498217964
0.541741761752941	638.431821995101	130.039993286133	0.197682951349677
0.542576505443244	638.101359434945	130.240005493164	0.197686049647219
0.543411285799787	637.914091829023	130.440002441406	0.197660841605091
0.544241336210976	637.606351657156	130.639999389648	0.197654920006831
0.545078426540835	637.300806885127	130.839996337891	0.197677763076279
0.545906166978709	636.825667475845	131.039993286133	0.197690541261998
0.546743257308571	636.427257290797	131.240005493164	0.197678056406224
0.547575691025559	635.897836620597	131.440002441406	0.197662436586665
0.548408088076303	635.295528675876	131.639999389648	0.197660309944566
0.54924286843285	634.738665507739	131.839996337891	0.197677579745064
0.550072918844035	633.676311527603	132.039993286133	0.197683153014014
0.550910009173898	631.883657792368	132.240005493164	0.197665259887384
0.551742442890886	627.847799390767	132.440002441406	0.197657321645754
0.55257483994163	625.558985292832	132.639999389648	0.197672391471666
0.553409620298177	623.815837823875	132.839996337891	0.197682474688517
0.554242017348921	622.626809273262	133.039993286133	0.197674738111224
0.555076797705465	621.791624291049	133.240005493164	0.197660254945201
0.555911541395768	620.760884068536	133.440002441406	0.197655873329151
0.556741591806957	620.065326515824	133.639999389648	0.197678111405589
0.557578718803059	619.388210321729	133.839996337891	0.197687057968904
0.558411115853807	618.85862499654	134.039993286133	0.197667313196997
0.559243549570791	618.332936506059	134.240005493164	0.197651656711195
0.560078293261094	617.787544302061	134.440002441406	0.197667514861334
0.560910726978083	617.188364802104	134.639999389648	0.19768168636429
0.561745470668386	616.854170062228	134.839996337891	0.19767919305976
0.562575521079575	616.280237660373	135.039993286133	0.197660291611444
0.563410301436122	615.68369264022	135.240005493164	0.197657138314538
0.564245045126421	614.937201811338	135.440002441406	0.197670411494539
0.565075132203854	614.351908215338	135.639999389648	0.197676259760312
0.565912222533713	613.882257305645	135.839996337891	0.197662106590478
0.566742309611146	613.306897893898	136.039993286133	0.197650556723902
0.56757470666189	612.816061375798	136.240005493164	0.197660419943295
0.568409450352193	612.322755032883	136.440002441406	0.197672684801611
0.569241884069181	612.020558245601	136.639999389648	0.197674408115036
0.570078974399039	611.46347553748	136.839996337891	0.197657779973792
0.570909061476472	611.080707576255	137.039993286133	0.197659594952826
0.571743805166776	610.729608257649	137.240005493164	0.197671786478655
0.572578585523319	610.374227909366	137.440002441406	0.197677799742522
0.573406289294949	609.754686075941	137.639999389648	0.197664049901361
0.574245726264366	609.045023079291	137.839996337891	0.197652041706748
0.575075813341799	608.236731745054	138.039993286133	0.197663811570782
0.575910557032102	607.701822575266	138.240005493164	0.197673216462135
0.576745337388646	607.058186228653	138.440002441406	0.197673253128378
0.577577734439394	606.401048173053	138.639999389648	0.197657706641306
0.578412514795937	605.791605178869	138.839996337891	0.197653893352024
0.579244911846681	605.012073582472	139.039993286133	0.197664764893102
0.580079655536984	604.344013412695	139.240005493164	0.197673436459594
0.580914435893532	603.82809445148	139.440002441406	0.197669623170312
0.58174448630472	603.314425775094	139.639999389648	0.19764531345114
0.582579266661264	602.850428019976	139.839996337891	0.197635395232383
0.583411663712008	602.327703319272	140.039993286133	0.197666928201444
0.584244097428996	601.722541354766	140.240005493164	0.197689202944125
0.585078841119299	601.137577068741	140.440002441406	0.197658128303102
0.585908891530488	600.501624621551	140.639999389648	0.197645973443516
0.586746018526591	599.925332164875	140.839996337891	0.197650960052577
0.587578415577335	598.793438894965	141.039993286133	0.197680274713931
0.588410849294323	596.881520063697	141.240005493164	0.197675123106776
0.589245592984626	595.354180398517	141.440002441406	0.197656313324069
0.5900733334225	593.506970977383	141.639999389648	0.197649016741693
0.590912770391917	590.835224263234	141.839996337891	0.197666359874676
0.591745167442665	587.667262301389	142.039993286133	0.19767682808708
0.592575254520095	584.786568407949	142.240005493164	0.19766461822813
0.593412344849953	579.494282680804	142.440002441406	0.197647440093239
0.594244778566941	574.520769009693	142.639999389648	0.197656478322163
0.595081868896803	569.128208395085	142.839996337891	0.197671236485008
0.595914302613791	563.636525477929	143.039993286133	0.197668834846085
0.596746699664535	557.374806068662	143.240005493164	0.197654498345035
0.597583789994398	524.947982116388	143.440002441406	0.197654260014455
0.598432613522047	79.3620094594881	143.639999389648	0.197608573875559
0.598908614689909	63.5946684266925	143.759994506836	0.197695766201639
